1.4223947e-10
1.4223947e-10
1.4223947e-10
1.4223947e-10
1.4223947e-10
1.4223947e-10
1.4223947e-10
1.4223947e-10
1.4223947e-10
2.7798822e-10
1.4223947e-10
3.5186146e-10
1.4223947e-10
1.4223947e-10
1.4223947e-10
1.4223947e-10
2.7581598e-10
1.4223947e-10
2.4826102e-10
1.4223947e-10
1.4223947e-10
2.1728513e-10
1.4223947e-10
1.4223947e-10
1.4223947e-10
1.4223947e-10
1.4223947e-10
1.4223947e-10
1.6395131e-10
1.7499056e-10
1.4223947e-10
1.4223947e-10
1.4223947e-10
1.4223947e-10
1.5044271e-10
1.4223947e-10
1.4223947e-10
3.4017827e-10
1.4901365e-10
1.4223947e-10
1.4223947e-10
1.4223947e-10
1.4223947e-10
1.4223947e-10
1.4223947e-10
1.4223947e-10
1.4223947e-10
1.4308899e-10
1.4223947e-10
1.4223947e-10
1.4223947e-10
1.4223947e-10
1.4223947e-10
2.0280956e-10
4.2945925e-10
1.4223947e-10
1.4223947e-10
2.6099542e-10
1.4223947e-10
1.6947894e-10
3.280654e-10
6.748048e-10
1.4223947e-10
1.4223947e-10
1.4223947e-10
1.7467341e-10
8.511382e-10
1.4223947e-10
1.4223947e-10
1.4223947e-10
1.4223947e-10
1.9818101e-10
1.4223947e-10
1.4223947e-10
1.4223947e-10
1.4223947e-10
1.4223947e-10
1.975048e-10
1.4223947e-10
1.4223947e-10
1.4223947e-10
1.4223947e-10
1.6556274e-10
2.3224131e-10
1.5045219e-10
1.4223947e-10
1.4223947e-10
1.4223947e-10
1.9061099e-10
1.4223947e-10
1.4223947e-10
1.4223947e-10
1.3282279e-09
1.5835487e-10
5.1871385e-10
1.4223947e-10
1.4223947e-10
1.4223947e-10
1.4223947e-10
1.4223947e-10
1.4223947e-10
1.4223947e-10
1.7461915e-10
3.254013e-10
1.446407e-10
1.8973972e-10
1.4223947e-10
1.5579783e-10
1.4223947e-10
3.3189199e-10
6.640984e-10
1.4223947e-10
1.4223947e-10
1.4223947e-10
1.4223947e-10
1.4223947e-10
1.4223947e-10
1.9636177e-10
1.4223947e-10
1.4223947e-10
1.4223947e-10
1.4585552e-10
1.4223947e-10
1.8540063e-10
1.8646204e-10
2.9549055e-10
1.4223947e-10
1.4223947e-10
1.4223947e-10
1.4223947e-10
1.4223947e-10
1.4223947e-10
6.01075e-10
1.4223947e-10
1.4223947e-10
5.073352e-10
1.8323679e-10
3.0168662e-10
1.4223947e-10
1.4223947e-10
1.4223947e-10
2.4128602e-10
1.4223947e-10
1.4223947e-10
1.4223947e-10
2.4958233e-10
1.4223947e-10
1.9057572e-10
1.4223947e-10
1.4223947e-10
2.795904e-10
1.5911604e-10
2.2429027e-10
1.7488812e-10
2.511654e-10
2.4716298e-10
1.4644007e-10
1.4223947e-10
1.4223947e-10
1.4223947e-10
1.4753825e-10
1.4223947e-10
1.4223947e-10
1.4223947e-10
1.8038772e-10
1.4223947e-10
1.4223947e-10
1.4223947e-10
1.4223947e-10
1.4223947e-10
1.4223947e-10
1.6563383e-10
1.8697738e-10
6.084934e-10
1.4223947e-10
1.4223947e-10
2.5804628e-10
1.4223947e-10
1.4223947e-10
1.4812868e-10
1.4223947e-10
1.8214336e-10
1.4223947e-10
1.4223947e-10
1.4223947e-10
1.4223947e-10
1.4223947e-10
1.7212486e-10
3.1837366e-10
1.4223947e-10
1.9053176e-10
2.369131e-10
1.8000725e-10
1.4223947e-10
2.1470861e-10
1.4223947e-10
1.4223947e-10
1.4223947e-10
1.4223947e-10
1.4223947e-10
1.4223947e-10
1.4223947e-10
1.4505512e-10
1.4223947e-10
3.2732475e-10
1.9446836e-10
1.4223947e-10
1.4223947e-10
0.25
1.6053384e-10
1.620474e-10
1.4223947e-10
1.4223947e-10
1.4223947e-10
1.6358646e-10
1.4223947e-10
1.4223947e-10
1.4223947e-10
9.247092e-10
1.4223947e-10
1.4223947e-10
1.4223947e-10
1.7902113e-10
1.4223947e-10
1.4223947e-10
2.523611e-10
3.1833236e-10
1.4223947e-10
2.8776598e-10
1.5829267e-10
1.6483928e-10
1.4223947e-10
1.4223947e-10
1.4223947e-10
1.4223947e-10
1.4815862e-10
1.4223947e-10
1.9764687e-10
1.4223947e-10
1.4223947e-10
1.4223947e-10
1.4223947e-10
1.4223947e-10
3.6690462e-10
1.4223947e-10
2.4474658e-10
1.4223947e-10
1.7453024e-10
1.6663992e-10
2.2982605e-10
1.8044519e-10
1.4223947e-10
2.5452238e-10
1.4223947e-10
1.4223947e-10
1.4223947e-10
1.4223947e-10
1.4223947e-10
1.4223947e-10
2.9251068e-10
1.4223947e-10
6.0289385e-10
1.4223947e-10
1.4223947e-10
1.4223947e-10
1.6484934e-10
1.4223947e-10
2.616773e-10
1.5532875e-10
2.4655514e-10
1.4223947e-10
1.5606462e-10
1.4223947e-10
1.4223947e-10
1.4223947e-10
2.4208255e-10
6.042189e-10
1.4223947e-10
1.4223947e-10
1.4223947e-10
1.4223947e-10
1.4223947e-10
1.4952015e-10
1.5673463e-10
1.4223947e-10
3.190405e-10
1.4223947e-10
1.4223947e-10
0.25
1.4223947e-10
1.4223947e-10
8.9144947e-10
1.4223947e-10
1.4223947e-10
1.4223947e-10
1.4223947e-10
1.4223947e-10
1.4223947e-10
1.4223947e-10
1.4223947e-10
1.4223947e-10
1.7413256e-10
1.4223947e-10
1.4223947e-10
4.041844e-10
1.4223947e-10
1.4223947e-10
1.5304256e-10
1.4223947e-10
1.4223947e-10
1.4223947e-10
1.4223947e-10
1.4223947e-10
1.4223947e-10
1.4223947e-10
1.4223947e-10
3.487312e-10
1.4223947e-10
1.4223947e-10
1.4223947e-10
1.4223947e-10
1.4223947e-10
1.4223947e-10
1.6399634e-10
1.4223947e-10
1.4223947e-10
1.8276418e-10
1.4223947e-10
2.0570848e-10
1.4223947e-10
1.3075333e-09
2.7108085e-10
1.7834463e-10
1.4223947e-10
1.4223947e-10
1.4223947e-10
1.43771e-10
3.3109726e-10
1.4223947e-10
1.9599322e-10
2.0747654e-10
1.4223947e-10
0.25
2.6835123e-10
2.5142374e-10
4.4114037e-10
1.4223947e-10
2.1570606e-10
1.9213016e-10
1.4223947e-10
1.4223947e-10
5.0678195e-10
1.4223947e-10
1.4223947e-10
1.4223947e-10
1.4223947e-10
1.4223947e-10
1.4223947e-10
1.8473807e-10
1.9454663e-10
2.709294e-10
1.4223947e-10
1.4223947e-10
1.4223947e-10
1.5901348e-10
1.4223947e-10
1.1398745e-09
1.4223947e-10
1.6806706e-10
3.384819e-10
1.4223947e-10
1.4223947e-10
1.4223947e-10
1.4223947e-10
1.4223947e-10
1.4223947e-10
2.40801e-10
1.4223947e-10
1.4223947e-10
2.965407e-10
1.6460744e-10
1.4223947e-10
1.8309076e-10
2.8582137e-10
1.4223947e-10
1.4223947e-10
1.4223947e-10
3.3918504e-10
1.642449e-10
1.8418815e-10
1.4223947e-10
1.4223947e-10
1.4223947e-10
1.4223947e-10
1.4223947e-10
1.5448402e-10
1.4223947e-10
1.9422926e-10
1.4223947e-10
1.4223947e-10
1.4223947e-10
1.6200567e-10
1.4223947e-10
1.4223947e-10
1.4508639e-10
1.4223947e-10
1.4223947e-10
1.4223947e-10
1.4223947e-10
1.4223947e-10
1.4223947e-10
1.4223947e-10
1.8421378e-10
1.4223947e-10
4.8083304e-10
1.5267958e-10
1.4223947e-10
1.4223947e-10
1.4223947e-10
1.4223947e-10
1.4223947e-10
1.4223947e-10
1.7169499e-10
5.9640887e-10
0.25
1.4223947e-10
1.4223947e-10
1.4223947e-10
1.4223947e-10
1.9936809e-10
2.0855573e-10
1.4223947e-10
1.4223947e-10
1.4223947e-10
2.190503e-10
1.9677047e-10
1.4223947e-10
1.4223947e-10
1.4223947e-10
2.638907e-10
1.494865e-10
5.0181487e-10
1.4223947e-10
9.663165e-10
1.819989e-10
1.4223947e-10
1.4223947e-10
2.7745375e-10
1.4223947e-10
4.5569093e-10
1.4223947e-10
1.4939956e-10
1.4223947e-10
2.8301728e-10
1.5949218e-10
1.4223947e-10
1.4766437e-10
1.4223947e-10
1.5284594e-10
1.4428526e-10
1.8907968e-10
1.4223947e-10
1.4223947e-10
2.1968459e-10
1.4223947e-10
1.9324596e-10
2.1102217e-10
1.4223947e-10
1.4223947e-10
1.6954198e-10
1.4223947e-10
1.4312555e-10
1.4223947e-10
1.4223947e-10
1.4223947e-10
1.4223947e-10
0.25
1.4223947e-10
1.4223947e-10
1.4223947e-10
1.4223947e-10
1.466592e-10
1.4223947e-10
1.4223947e-10
2.2061764e-10
1.4223947e-10
1.4223947e-10
1.4223947e-10
1.4223947e-10
1.4223947e-10
1.4223947e-10
2.6216537e-10
1.4223947e-10
1.4223947e-10
1.4223947e-10
4.476201e-10
1.4223947e-10
1.4223947e-10
1.4223947e-10
1.4367917e-10
1.4223947e-10
1.4223947e-10
1.4223947e-10
1.4223947e-10
1.5039939e-10
1.4223947e-10
1.4223947e-10
1.4822533e-10
1.4223947e-10
1.4223947e-10
2.5577404e-10
1.4223947e-10
1.5934229e-10
1.6117413e-10
1.4223947e-10
1.776124e-10
2.2110082e-10
1.8509287e-10
1.5144345e-10
1.4223947e-10
3.1292877e-10
1.4223947e-10
1.4223947e-10
2.0845271e-10
1.4223947e-10
2.0797418e-10
1.4223947e-10
1.4223947e-10
1.4223947e-10
1.4223947e-10
3.8657172e-10
1.5654732e-10
1.4223947e-10
9.680192e-10
1.7613545e-10
1.4223947e-10
5.3768123e-10
1.5840713e-10
1.4223947e-10
1.4223947e-10
1.4223947e-10
1.4223947e-10
1.4223947e-10
1.4223947e-10
1.7161282e-10
4.0514608e-10
1.4223947e-10
8.103698e-10
1.4223947e-10
2.5069158e-10
1.6270678e-10
1.4223947e-10
1.6834072e-10
1.4223947e-10
2.1974915e-10
2.1276488e-10
1.4223947e-10
1.4223947e-10
1.4223947e-10
2.6767236e-10
3.6454753e-10
1.7482908e-10
1.4223947e-10
1.4223947e-10
1.4223947e-10
1.4223947e-10
1.4436426e-10
1.4223947e-10
3.613872e-10
1.4223947e-10
9.730301e-10
1.4223947e-10
3.0553055e-10
1.4223947e-10
1.866008e-10
8.1350743e-10
1.4223947e-10
1.4223947e-10
8.300937e-10
3.2584221e-10
2.246559e-10
1.4223947e-10
1.6096555e-10
1.4223947e-10
2.201036e-10
1.4223947e-10
2.3510577e-10
1.4223947e-10
2.0981933e-10
1.4458885e-10
1.4223947e-10
1.4223947e-10
1.4223947e-10
4.704243e-10
1.4223947e-10
2.675121e-10
1.4223947e-10
1.4223947e-10
1.4223947e-10
2.9751118e-10
1.4223947e-10
1.4223947e-10
1.8004295e-10
2.0617003e-10
1.5180784e-10
1.4223947e-10
1.7890167e-10
1.4223947e-10
1.4223947e-10
1.4223947e-10
1.8876654e-10
1.4223947e-10
1.4223947e-10
1.9015164e-10
1.4223947e-10
5.220627e-10
2.080587e-10
1.8722611e-10
1.9229697e-10
1.4223947e-10
1.4223947e-10
1.4223947e-10
1.4223947e-10
1.4223947e-10
2.2028755e-10
1.4223947e-10
1.4223947e-10
1.4223947e-10
1.4223947e-10
2.079127e-10
1.4223947e-10
1.7162952e-10
1.5339559e-10
1.4223947e-10
1.614963e-10
1.4223947e-10
1.4223947e-10
1.4223947e-10
1.4223947e-10
1.4223947e-10
1.4223947e-10
1.4223947e-10
2.0573712e-10
1.4223947e-10
1.4223947e-10
1.4315997e-10
2.2649913e-10
4.385397e-10
1.4223947e-10
1.4223947e-10
1.4341357e-10
1.4223947e-10
1.4223947e-10
1.53016e-10
1.4223947e-10
1.4223947e-10
1.6495315e-10
1.4223947e-10
1.4223947e-10
1.4223947e-10
1.4223947e-10
1.4223947e-10
1.4223947e-10
1.4223947e-10
1.5047197e-10
5.208205e-10
1.4223947e-10
2.2913012e-10
1.4223947e-10
1.4223947e-10
2.4882277e-10
1.4223947e-10
1.4223947e-10
1.4223947e-10
1.4223947e-10
4.2723536e-10
2.2854613e-10
1.4223947e-10
1.4223947e-10
1.477703e-10
1.4223947e-10
1.4223947e-10
1.4223947e-10
3.252294e-10
3.811989e-10
1.4223947e-10
1.4223947e-10
2.24473e-10
1.7615828e-10
4.3201592e-10
1.4336682e-10
1.4223947e-10
1.4996655e-10
1.4223947e-10
1.4512265e-10
1.4223947e-10
4.9851884e-10
1.4223947e-10
1.4223947e-10
1.4223947e-10
1.4223947e-10
2.2109957e-10
1.4223947e-10
5.0090354e-10
1.4223947e-10
1.4223947e-10
3.322524e-10
1.4223947e-10
1.4223947e-10
1.4223947e-10
1.4223947e-10
1.4223947e-10
1.4223947e-10
1.4223947e-10
3.015273e-10
1.4223947e-10
1.4223947e-10
2.8242086e-10
1.4223947e-10
2.3536104e-10
1.4223947e-10
3.975274e-10
1.4223947e-10
1.4743358e-10
1.726964e-10
1.4223947e-10
1.4223947e-10
3.7074413e-10
1.4223947e-10
2.2643344e-10
1.4223947e-10
1.4223947e-10
6.727036e-10
2.7613392e-10
1.4223947e-10
3.8096123e-10
1.4223947e-10
1.4223947e-10
1.4223947e-10
1.9058047e-10
1.4223947e-10
4.5818174e-10
1.4223947e-10
1.4223947e-10
1.4223947e-10
1.4223947e-10
3.6298642e-10
1.4223947e-10
1.6016864e-10
1.4223947e-10
1.4223947e-10
1.6924989e-10
1.4223947e-10
1.4782413e-10
1.4223947e-10
1.4223947e-10
1.5156047e-10
1.9403636e-10
2.3539337e-10
1.4223947e-10
1.4223947e-10
1.4223947e-10
1.4223947e-10
1.4223947e-10
3.048402e-10
1.4223947e-10
1.4223947e-10
1.4223947e-10
1.4223947e-10
1.5503838e-10
1.4223947e-10
3.5236916e-10
8.54401e-10
1.577703e-10
3.0914327e-10
1.4223947e-10
1.4223947e-10
1.4223947e-10
1.4223947e-10
1.4223947e-10
2.1037753e-10
1.4223947e-10
1.4223947e-10
1.808152e-10
1.4223947e-10
4.1235512e-10
1.4223947e-10
1.4223947e-10
2.2853304e-10
1.4223947e-10
1.745802e-10
2.0368296e-10
1.4223947e-10
1.4223947e-10
1.9719275e-10
1.6095018e-10
2.2690685e-10
1.4223947e-10
1.4223947e-10
1.4223947e-10
0.25
3.6393338e-10
1.5613012e-10
1.574114e-10
1.4223947e-10
2.2398847e-10
1.4223947e-10
1.5218417e-10
1.4223947e-10
1.4223947e-10
1.5256924e-10
1.8440009e-10
1.4223947e-10
1.4223947e-10
1.4223947e-10
1.4223947e-10
1.4223947e-10
1.5387559e-10
1.4223947e-10
1.4223947e-10
1.4223947e-10
1.8633016e-10
1.4223947e-10
2.0150628e-10
1.4223947e-10
1.4223947e-10
1.4223947e-10
2.432661e-10
1.4223947e-10
1.6008131e-10
3.6227676e-10
1.4223947e-10
1.4223947e-10
1.4223947e-10
1.4223947e-10
1.4223947e-10
2.5468505e-10
1.4223947e-10
1.5728747e-10
5.949682e-10
1.4223947e-10
2.966748e-10
1.4722255e-10
3.122199e-10
1.4223947e-10
1.4223947e-10
1.4223947e-10
1.8137271e-10
1.4223947e-10
1.540271e-10
1.4223947e-10
2.6010982e-10
1.4223947e-10
1.4223947e-10
1.4223947e-10
1.4223947e-10
1.5011338e-10
5.063568e-10
1.4223947e-10
5.2799504e-10
1.4223947e-10
1.4223947e-10
1.4223947e-10
1.4223947e-10
1.4223947e-10
1.4223947e-10
1.4223947e-10
1.4223947e-10
1.4223947e-10
2.4329397e-10
2.6174368e-10
2.3669855e-10
1.4223947e-10
1.4223947e-10
1.4223947e-10
1.7249165e-10
1.4223947e-10
1.4223947e-10
1.6350629e-10
1.4223947e-10
1.4223947e-10
1.4223947e-10
5.8515004e-10
1.4223947e-10
2.189254e-10
1.4223947e-10
1.4223947e-10
1.4223947e-10
1.4223947e-10
1.4223947e-10
1.4223947e-10
1.4409714e-10
1.4223947e-10
1.4223947e-10
1.4223947e-10
1.4223947e-10
1.4223947e-10
1.5319969e-10
1.593131e-10
2.8612243e-10
3.698761e-10
1.5137384e-10
1.4223947e-10
6.562663e-10
1.4223947e-10
1.4223947e-10
1.4223947e-10
1.8861934e-10
1.4223947e-10
1.4804902e-10
1.4223947e-10
3.9069534e-10
1.4223947e-10
1.4223947e-10
1.4223947e-10
1.4223947e-10
1.4223947e-10
1.4223947e-10
2.4287436e-10
1.4223947e-10
2.4501934e-10
1.4223947e-10
1.4223947e-10
1.4223947e-10
1.4223947e-10
1.7146567e-09
1.4223947e-10
1.4223947e-10
1.4223947e-10
1.4223947e-10
1.4223947e-10
1.4223947e-10
1.7241432e-10
1.4223947e-10
1.5310095e-10
3.9918607e-10
1.4676779e-10
2.4569652e-10
1.4223947e-10
1.4223947e-10
1.4223947e-10
1.4223947e-10
1.4223947e-10
1.4223947e-10
7.183863e-10
2.3684715e-10
1.4223947e-10
1.4223947e-10
1.5715912e-10
1.890137e-10
2.228209e-10
1.4223947e-10
1.4223947e-10
8.547024e-10
1.4223947e-10
1.4223947e-10
1.7373113e-10
1.4223947e-10
1.4223947e-10
3.7653367e-10
1.4223947e-10
1.4223947e-10
1.5251365e-10
1.4223947e-10
1.4223947e-10
1.4223947e-10
1.4223947e-10
1.4223947e-10
1.8220032e-10
1.4223947e-10
3.7902895e-10
2.4099578e-10
1.4223947e-10
1.4223947e-10
2.0361615e-10
1.4223947e-10
1.4223947e-10
1.4223947e-10
5.297654e-10
1.4223947e-10
1.4223947e-10
1.4223947e-10
1.6866758e-10
2.264274e-10
1.556716e-10
7.54222e-10
3.9996875e-10
3.785666e-10
1.4223947e-10
1.4223947e-10
1.4223947e-10
1.4223947e-10
1.4223947e-10
1.4223947e-10
1.4223947e-10
3.3007197e-10
1.4223947e-10
2.399688e-10
1.7600983e-10
1.4223947e-10
1.4223947e-10
1.4223947e-10
1.4223947e-10
1.4223947e-10
2.0989378e-10
1.4223947e-10
1.4223947e-10
2.867551e-10
2.0713094e-10
1.8094606e-09
1.9524549e-10
1.4223947e-10
1.4223947e-10
1.4223947e-10
1.4223947e-10
1.4223947e-10
1.9480952e-10
1.4223947e-10
1.4223947e-10
1.8783489e-10
1.4223947e-10
1.4223947e-10
1.4223947e-10
1.4223947e-10
3.3463993e-10
1.4223947e-10
4.384101e-10
1.6107825e-10
2.6560149e-10
1.7199325e-10
1.4223947e-10
1.4223947e-10
1.4223947e-10
2.2994094e-10
2.7545113e-10
1.4223947e-10
1.7117084e-10
2.426901e-10
1.4223947e-10
1.4223947e-10
1.4223947e-10
1.4223947e-10
1.4223947e-10
1.4223947e-10
2.2448629e-10
2.0811822e-10
2.4868754e-10
1.4223947e-10
1.4369453e-10
1.4223947e-10
1.4223947e-10
1.6880436e-10
2.21937e-10
1.4223947e-10
1.4223947e-10
1.4223947e-10
1.4223947e-10
1.7327478e-10
1.4223947e-10
1.4223947e-10
1.4223947e-10
1.4223947e-10
1.4223947e-10
1.443381e-10
1.4223947e-10
3.776939e-10
1.4223947e-10
1.4223947e-10
1.6641725e-10
1.4223947e-10
1.605427e-10
2.12773e-10
1.4223947e-10
1.4223947e-10
1.4223947e-10
3.8515646e-10
1.4223947e-10
1.6517826e-10
1.4223947e-10
1.4223947e-10
1.4223947e-10
1.4223947e-10
1.583739e-10
1.4223947e-10
1.4223947e-10
5.341323e-10
1.4223947e-10
1.4223947e-10
0.25
1.4223947e-10
1.4223947e-10
1.4223947e-10
1.4223947e-10
2.1207216e-09
5.93471e-10
0.25
1.4223947e-10
2.0692917e-10
1.4223947e-10
1.4223947e-10
1.4223947e-10
1.4223947e-10
1.9380776e-10
1.4223947e-10
5.120726e-10
1.4223947e-10
2.279049e-10
1.4223947e-10
1.6085719e-10
1.4345626e-10
1.4223947e-10
1.4223947e-10
1.4223947e-10
1.4223947e-10
1.4223947e-10
1.4223947e-10
1.4223947e-10
1.4223947e-10
1.4223947e-10
2.0349501e-10
2.6752028e-10
1.4223947e-10
1.4223947e-10
1.4223947e-10
1.4223947e-10
1.4223947e-10
1.4223947e-10
1.4223947e-10
1.4223947e-10
3.225169e-10
2.6512972e-10
1.6601337e-10
2.0153587e-10
3.2977812e-10
1.4620201e-10
1.4223947e-10
2.3903418e-10
1.4223947e-10
1.4223947e-10
1.4223947e-10
1.4223947e-10
1.5709228e-10
1.4223947e-10
3.18018e-10
1.6709058e-10
1.4223947e-10
2.2367252e-10
1.6408488e-10
1.4223947e-10
1.4223947e-10
5.899036e-10
1.5038132e-10
1.4223947e-10
1.4223947e-10
1.940582e-10
1.4223947e-10
1.4223947e-10
1.4223947e-10
1.4223947e-10
5.063839e-10
2.0156395e-10
2.2925428e-10
3.0298178e-10
1.4223947e-10
1.4223947e-10
2.0786196e-10
1.4223947e-10
2.2205043e-10
1.4223947e-10
3.0046865e-10
0.25
1.4223947e-10
2.901829e-10
1.4223947e-10
1.4223947e-10
1.4223947e-10
3.1382655e-10
1.4223947e-10
1.7222469e-10
1.4223947e-10
1.7909935e-10
1.4223947e-10
1.4223947e-10
1.6850583e-10
2.1402337e-10
1.7868068e-10
1.5965503e-10
1.5714621e-10
1.4671181e-10
1.5053225e-10
1.4223947e-10
1.4223947e-10
6.6869577e-10
1.4223947e-10
1.4223947e-10
1.4720346e-10
1.4223947e-10
1.4223947e-10
1.4442017e-10
3.2765643e-10
1.4223947e-10
1.4223947e-10
1.4223947e-10
1.4223947e-10
1.4223947e-10
1.5719938e-09
1.4223947e-10
1.4223947e-10
2.1416544e-10
1.4223947e-10
1.4281033e-10
1.4223947e-10
2.9056782e-10
1.4223947e-10
1.476942e-10
1.4223947e-10
1.4223947e-10
1.4223947e-10
1.5867929e-10
1.4223947e-10
1.4223947e-10
1.4223947e-10
1.4223947e-10
3.4373485e-10
1.4223947e-10
1.4223947e-10
1.4223947e-10
1.4223947e-10
1.0342512e-09
2.6228092e-10
4.688773e-10
1.629484e-10
1.4223947e-10
1.4223947e-10
1.482273e-10
2.0022627e-10
1.4223947e-10
2.2368661e-10
1.4223947e-10
1.4223947e-10
0.25
1.4223947e-10
1.4223947e-10
1.8497041e-10
1.4223947e-10
1.4223947e-10
1.4223947e-10
5.340131e-10
1.6450981e-10
1.4223947e-10
1.4223947e-10
1.4223947e-10
2.2664952e-10
1.4223947e-10
1.4223947e-10
1.7924766e-10
1.9669352e-10
1.4223947e-10
2.157962e-10
5.0471666e-10
1.4223947e-10
1.4223947e-10
2.5663216e-10
1.4223947e-10
1.4223947e-10
1.543668e-10
1.7265162e-10
1.4223947e-10
1.4223947e-10
1.4223947e-10
1.4223947e-10
1.2285061e-09
1.4223947e-10
1.4223947e-10
1.4223947e-10
1.4223947e-10
1.4223947e-10
1.5413465e-10
1.4223947e-10
1.4223947e-10
1.4223947e-10
1.4223947e-10
1.4223947e-10
2.118117e-10
3.1796704e-10
1.5593728e-10
1.4223947e-10
1.4223947e-10
1.4223947e-10
1.4223947e-10
1.4223947e-10
1.4223947e-10
1.5584153e-10
1.4223947e-10
1.4223947e-10
1.4223947e-10
1.4223947e-10
1.7115746e-10
3.061244e-10
1.4223947e-10
1.4223947e-10
7.4979706e-10
1.4223947e-10
1.4223947e-10
1.4223947e-10
1.8995118e-10
0.25
3.8102005e-10
1.4223947e-10
1.4223947e-10
1.5853076e-10
1.4223947e-10
0.25
1.513825e-10
1.4223947e-10
1.5925934e-10
1.4223947e-10
1.4223947e-10
1.9476236e-10
1.4223947e-10
1.4223947e-10
1.6922151e-10
1.4223947e-10
1.4223947e-10
1.4223947e-10
1.8857797e-10
1.4223947e-10
1.5826429e-10
1.4223947e-10
1.4223947e-10
1.4223947e-10
1.7548793e-10
1.4223947e-10
1.4223947e-10
1.4223947e-10
1.4223947e-10
2.0568375e-10
2.072416e-10
2.6135008e-10
7.4322604e-10
1.9926087e-10
4.998518e-10
1.4223947e-10
1.4223947e-10
1.8500783e-10
1.4223947e-10
2.4966376e-10
1.4223947e-10
1.4223947e-10
2.5762528e-10
1.4223947e-10
1.4223947e-10
1.4223947e-10
1.4223947e-10
1.4223947e-10
2.5103322e-10
1.5890765e-10
1.781811e-10
1.4223947e-10
2.7789337e-10
1.4223947e-10
1.4223947e-10
1.6171454e-10
1.9197523e-10
1.4223947e-10
1.5245318e-10
1.4223947e-10
1.4223947e-10
1.4223947e-10
1.4223947e-10
1.4223947e-10
1.4223947e-10
1.4223947e-10
1.4223947e-10
1.4223947e-10
1.4223947e-10
1.4223947e-10
1.4223947e-10
1.6882529e-10
1.4223947e-10
1.6512565e-10
4.0917114e-10
1.4223947e-10
1.4223947e-10
1.4223947e-10
1.4223947e-10
1.6118366e-10
1.4223947e-10
1.4223947e-10
1.4223947e-10
1.5860847e-10
1.4223947e-10
1.4223947e-10
1.8177443e-10
2.0711002e-10
1.4223947e-10
3.474134e-10
1.4223947e-10
1.4223947e-10
1.4223947e-10
1.4223947e-10
1.724242e-10
1.4223947e-10
1.4223947e-10
1.4223947e-10
1.4223947e-10
1.4223947e-10
1.4749321e-10
1.4223947e-10
1.4223947e-10
1.4223947e-10
1.4223947e-10
2.521869e-10
1.4223947e-10
1.4223947e-10
1.6327786e-10
1.4223947e-10
1.4223947e-10
1.4223947e-10
1.4223947e-10
3.2376007e-10
1.4223947e-10
1.4223947e-10
1.4223947e-10
2.4484417e-10
1.4223947e-10
2.0588943e-10
1.4223947e-10
1.4223947e-10
1.4223947e-10
1.4223947e-10
1.4223947e-10
1.4223947e-10
2.1842074e-10
1.4223947e-10
1.6131561e-10
1.4223947e-10
1.4223947e-10
1.4223947e-10
1.4223947e-10
2.305474e-10
1.7992212e-10
1.7275241e-10
2.340632e-10
1.4223947e-10
1.60005e-10
3.3452888e-10
1.4223947e-10
2.672347e-10
2.301634e-10
5.4895055e-10
2.1381283e-10
1.4223947e-10
1.4223947e-10
3.772216e-10
2.8562297e-10
1.4223947e-10
1.4223947e-10
1.4223947e-10
1.4223947e-10
2.754732e-10
1.4223947e-10
1.4223947e-10
1.4223947e-10
9.0121643e-10
1.4223947e-10
1.4282832e-10
1.0833363e-09
4.778816e-10
4.76332e-10
1.4223947e-10
1.4223947e-10
2.0558726e-10
1.4223947e-10
5.506788e-10
1.4223947e-10
1.4223947e-10
2.3768298e-10
1.4223947e-10
1.4223947e-10
1.4223947e-10
1.4223947e-10
1.4223947e-10
1.4223947e-10
1.4223947e-10
2.8564098e-10
1.4223947e-10
2.9066258e-10
4.6238088e-10
1.4223947e-10
2.3934074e-10
2.0989256e-10
1.4831243e-10
2.9833688e-10
1.4223947e-10
1.4223947e-10
1.4223947e-10
1.4223947e-10
1.8247369e-10
1.4223947e-10
2.8177305e-10
2.0238641e-10
1.4223947e-10
1.4223947e-10
1.7484376e-10
1.4223947e-10
2.5392888e-10
1.5390288e-10
2.5004263e-10
1.4223947e-10
1.6179508e-10
2.2632898e-10
1.4223947e-10
1.4520765e-10
1.7720161e-10
1.6334296e-10
1.4223947e-10
1.5522301e-10
1.4223947e-10
1.4223947e-10
1.4223947e-10
1.4223947e-10
5.36629e-10
1.4223947e-10
2.9380795e-10
1.4223947e-10
1.4223947e-10
1.4223947e-10
1.4223947e-10
1.6391284e-10
1.7257094e-10
1.6585953e-10
2.7171237e-10
1.4223947e-10
2.6044691e-10
1.4223947e-10
1.4223947e-10
1.4223947e-10
2.5162764e-10
1.6184538e-10
1.4223947e-10
1.4223947e-10
1.4223947e-10
1.4223947e-10
1.4223947e-10
2.2395472e-10
1.4223947e-10
1.634109e-10
1.4223947e-10
2.0588628e-10
1.4223947e-10
1.6354995e-10
1.6631231e-09
2.4141628e-10
2.0276972e-10
1.4223947e-10
2.1752519e-10
1.4223947e-10
1.4223947e-10
1.4223947e-10
1.4223947e-10
1.4223947e-10
1.4223947e-10
1.4223947e-10
1.4223947e-10
1.4223947e-10
1.4223947e-10
4.2189e-10
1.4700312e-10
1.6269126e-10
1.4223947e-10
1.4223947e-10
1.4223947e-10
1.6108623e-10
1.4223947e-10
1.4223947e-10
1.4223947e-10
1.5077478e-10
1.4223947e-10
1.4223947e-10
1.4223947e-10
6.321335e-10
1.4223947e-10
1.4223947e-10
1.4223947e-10
2.6617253e-10
2.7509936e-10
3.0887864e-10
1.4786221e-10
1.4223947e-10
1.4223947e-10
1.4223947e-10
1.4223947e-10
1.4223947e-10
1.4223947e-10
1.4223947e-10
1.4223947e-10
3.2458616e-10
3.1769123e-10
4.5153892e-10
1.9899046e-10
1.4223947e-10
1.4223947e-10
1.6413151e-10
1.4223947e-10
1.4223947e-10
1.4223947e-10
1.6754598e-10
1.7770525e-10
2.0898547e-09
1.4223947e-10
1.4223947e-10
1.4223947e-10
3.1990088e-10
1.4223947e-10
1.4223947e-10
2.7862843e-10
1.9307132e-10
1.4644816e-10
2.989743e-10
2.9204467e-10
1.4223947e-10
2.3649144e-10
5.7072785e-10
1.4223947e-10
1.425045e-10
1.4223947e-10
1.4223947e-10
1.4223947e-10
1.4223947e-10
2.4792504e-10
1.4223947e-10
1.610426e-10
1.578004e-10
1.4223947e-10
3.1684103e-10
1.4223947e-10
1.4223947e-10
1.7540727e-10
1.4223947e-10
3.0343e-10
3.0359903e-10
1.4223947e-10
1.4223947e-10
4.4922982e-10
1.4223947e-10
1.7739066e-10
1.4223947e-10
2.0516851e-10
1.4223947e-10
1.1599601e-09
1.4223947e-10
1.4223947e-10
1.4223947e-10
5.545206e-10
1.4223947e-10
1.4223947e-10
1.4223947e-10
1.4223947e-10
1.4223947e-10
1.6623707e-10
1.4223947e-10
3.0139735e-10
2.9486058e-10
3.5596767e-10
2.143653e-10
1.4223947e-10
1.5839353e-10
2.8635175e-10
1.4928134e-10
5.168789e-10
3.569154e-10
1.4223947e-10
1.6828486e-10
2.228073e-10
1.4223947e-10
1.4223947e-10
1.4223947e-10
1.4223947e-10
0.25
1.4223947e-10
1.4223947e-10
1.4223947e-10
1.4223947e-10
1.4223947e-10
1.4224191e-10
1.9931448e-10
1.4223947e-10
3.2751085e-10
2.7782604e-10
1.6512691e-10
1.4223947e-10
1.567699e-10
2.8988525e-10
2.598153e-10
2.4531302e-10
1.4223947e-10
1.4223947e-10
1.4223947e-10
1.6522331e-10
2.965232e-10
1.4223947e-10
1.4223947e-10
1.5660226e-10
2.2500671e-10
1.4223947e-10
1.4223947e-10
1.4223947e-10
1.4223947e-10
3.4083744e-10
1.8123092e-10
1.7378948e-10
2.4991242e-10
1.4223947e-10
2.351573e-10
1.4223947e-10
1.4223947e-10
1.4223947e-10
1.4223947e-10
1.4223947e-10
1.4223947e-10
1.4223947e-10
2.0957897e-10
1.4223947e-10
2.4031507e-10
1.4223947e-10
1.4223947e-10
2.7617025e-10
2.7080538e-10
1.5708598e-10
1.4223947e-10
4.3294393e-10
1.4223947e-10
1.528818e-10
1.4946112e-10
1.4223947e-10
2.0455505e-10
1.4223947e-10
1.4223947e-10
1.4223947e-10
1.660878e-10
1.4223947e-10
1.4223947e-10
1.4223947e-10
1.4223947e-10
1.4223947e-10
2.5644867e-10
1.4223947e-10
1.4223947e-10
0.25
1.4223947e-10
1.4223947e-10
2.1261315e-10
2.7689126e-10
1.6960765e-10
1.4223947e-10
1.4415295e-10
1.4646241e-10
1.4223947e-10
1.5257273e-10
1.4223947e-10
1.4223947e-10
1.5928575e-10
1.6171672e-10
1.4223947e-10
1.4223947e-10
1.4223947e-10
1.4223947e-10
6.017496e-10
1.4223947e-10
2.271173e-10
2.0802694e-10
1.4223947e-10
3.9519896e-10
7.574686e-10
1.4223947e-10
2.0440762e-10
1.4223947e-10
2.8491892e-10
1.4303252e-10
1.4223947e-10
5.1916027e-10
1.4223947e-10
2.6504585e-10
1.4223947e-10
1.4223947e-10
1.5523278e-10
1.4223947e-10
1.7947756e-10
1.4223947e-10
1.4223947e-10
1.4223947e-10
3.8320655e-10
3.0398148e-10
1.4223947e-10
1.4223947e-10
1.4223947e-10
3.0961655e-10
3.5801173e-10
1.4223947e-10
1.8774071e-10
1.4223947e-10
1.5646133e-10
1.5737628e-10
1.4223947e-10
1.4223947e-10
1.4223947e-10
1.4223947e-10
1.4223947e-10
1.4223947e-10
1.4223947e-10
1.4223947e-10
1.62172e-10
1.4223947e-10
1.4223947e-10
1.4223947e-10
1.5452203e-10
1.4223947e-10
1.4223947e-10
1.4223947e-10
1.4223947e-10
4.476039e-10
1.7581692e-10
1.4223947e-10
1.4223947e-10
3.020937e-10
1.4223947e-10
1.4223947e-10
1.4223947e-10
1.4223947e-10
1.4223947e-10
1.9089698e-10
1.4223947e-10
1.9197047e-10
1.6962867e-10
1.4223947e-10
1.4223947e-10
1.4223947e-10
1.4223947e-10
1.4223947e-10
1.4223947e-10
1.4223947e-10
1.4223947e-10
1.4223947e-10
1.4223947e-10
1.4223947e-10
1.9386764e-10
1.5280892e-10
1.4223947e-10
2.4472696e-10
1.4223947e-10
1.4223947e-10
1.4223947e-10
2.0644546e-10
1.4223947e-10
1.4223947e-10
1.4223947e-10
1.4223947e-10
1.4223947e-10
7.790398e-10
1.4223947e-10
1.501884e-10
1.5270665e-10
1.5873619e-10
2.5574673e-10
2.5823285e-10
1.4223947e-10
1.4223947e-10
1.4223947e-10
1.4223947e-10
1.4223947e-10
1.4223947e-10
1.4223947e-10
2.4592953e-10
1.6156534e-10
1.4223947e-10
1.4223947e-10
1.4223947e-10
1.5338449e-10
1.4223947e-10
1.4223947e-10
1.7635898e-10
1.4223947e-10
1.4223947e-10
1.4999403e-10
1.4223947e-10
2.8152755e-10
1.4223947e-10
1.4223947e-10
1.4223947e-10
1.4750756e-10
1.4223947e-10
1.4223947e-10
1.4223947e-10
8.177856e-10
1.4223947e-10
1.4223947e-10
1.4223947e-10
1.4223947e-10
1.4223947e-10
2.489733e-10
1.4223947e-10
1.4223947e-10
1.4223947e-10
2.9991898e-10
1.4223947e-10
1.4223947e-10
2.9711086e-10
1.4223947e-10
1.4223947e-10
1.4223947e-10
1.4223947e-10
2.5755403e-10
1.4223947e-10
2.0542223e-10
1.4223947e-10
2.4654995e-10
1.6089556e-10
3.8507492e-10
1.5330637e-10
8.052391e-10
1.4223947e-10
1.4223947e-10
2.3306757e-10
1.4223947e-10
1.4223947e-10
1.5358559e-10
3.114847e-10
1.4223947e-10
1.4223947e-10
1.4223947e-10
1.4223947e-10
1.4223947e-10
1.4223947e-10
1.4223947e-10
1.4223947e-10
1.4223947e-10
1.6672672e-10
1.123541e-09
1.4223947e-10
1.3592436e-09
2.4959756e-10
1.4223947e-10
1.4223947e-10
1.4223947e-10
1.6377254e-10
0.25
1.8434067e-10
1.4223947e-10
1.4223947e-10
1.4223947e-10
1.6287194e-10
1.4223947e-10
1.4223947e-10
1.4223947e-10
1.4223947e-10
1.4223947e-10
1.4223947e-10
1.4223947e-10
1.4223947e-10
1.4223947e-10
2.0034965e-10
1.4223947e-10
1.4223947e-10
1.4223947e-10
1.4328838e-10
1.4337422e-10
1.4223947e-10
2.745652e-10
2.2456424e-10
1.4223947e-10
1.4223947e-10
1.4223947e-10
1.4223947e-10
1.4223947e-10
2.35962e-10
1.7665458e-10
1.4223947e-10
1.4223947e-10
1.5848631e-10
1.4223947e-10
1.5510403e-10
1.4223947e-10
1.4223947e-10
1.8659761e-10
1.4223947e-10
1.4223947e-10
1.5272122e-10
1.4223947e-10
2.4691987e-10
1.9745018e-10
1.4223947e-10
1.7375434e-10
1.4223947e-10
1.3300379e-09
1.4223947e-10
6.577689e-10
3.1282613e-10
1.4223947e-10
1.4223947e-10
