3.412263e-07
2.38789e-07
2.38789e-07
2.38789e-07
2.38789e-07
2.38789e-07
2.38789e-07
2.38789e-07
2.38789e-07
3.8708393e-07
2.38789e-07
5.091829e-07
3.0821647e-07
2.38789e-07
2.38789e-07
2.38789e-07
2.38789e-07
2.38789e-07
4.0282464e-07
2.38789e-07
2.843667e-07
3.6558205e-07
2.38789e-07
2.38789e-07
2.38789e-07
2.38789e-07
2.38789e-07
2.8426584e-07
3.3984767e-07
2.38789e-07
2.4744455e-07
3.8969037e-07
2.38789e-07
1.045276e-06
2.38789e-07
2.38789e-07
3.8144492e-07
2.38789e-07
2.38789e-07
3.9694035e-07
2.38789e-07
2.9717788e-07
2.38789e-07
2.38789e-07
2.973012e-07
2.38789e-07
1.1430369e-06
2.9177394e-07
2.38789e-07
2.38789e-07
2.38789e-07
4.5510686e-07
2.38789e-07
2.38789e-07
4.784499e-07
2.7818152e-07
2.38789e-07
2.38789e-07
1.3064956e-06
2.38789e-07
2.38789e-07
2.6150585e-07
2.38789e-07
2.38789e-07
2.38789e-07
2.38789e-07
2.38789e-07
2.38789e-07
2.38789e-07
2.38789e-07
5.211311e-07
2.38789e-07
2.38789e-07
2.4433376e-07
2.38789e-07
2.7090115e-07
5.1938315e-07
3.7262473e-07
2.38789e-07
2.5065808e-07
6.7272845e-07
2.38789e-07
2.38789e-07
2.38789e-07
3.321965e-07
2.38789e-07
3.5124037e-07
3.5238483e-07
2.38789e-07
2.38789e-07
6.5299406e-07
2.38789e-07
2.8344422e-07
2.8603753e-07
3.4044297e-07
2.38789e-07
2.38789e-07
1.8390615e-06
2.38789e-07
2.38789e-07
2.38789e-07
7.788044e-07
2.38789e-07
2.38789e-07
5.647875e-07
2.38789e-07
2.38789e-07
3.344362e-07
2.38789e-07
2.38789e-07
3.561373e-07
2.84342e-07
2.38789e-07
2.38789e-07
7.305273e-07
2.38789e-07
3.5333446e-07
2.38789e-07
1.6874542e-06
2.38789e-07
2.7690598e-07
2.38789e-07
2.38789e-07
2.38789e-07
2.38789e-07
2.38789e-07
2.5711054e-07
2.38789e-07
4.1953692e-07
2.71963e-07
2.5671437e-07
2.38789e-07
2.38789e-07
2.38789e-07
2.38789e-07
3.4982497e-07
3.46697e-07
2.38789e-07
2.38789e-07
2.7337265e-07
2.6145025e-07
2.9769782e-07
3.6250051e-07
2.38789e-07
2.38789e-07
2.5155538e-07
2.38789e-07
2.38789e-07
2.38789e-07
2.38789e-07
2.38789e-07
2.38789e-07
2.38789e-07
2.38789e-07
2.38789e-07
2.38789e-07
2.4337723e-07
2.38789e-07
2.38789e-07
2.38789e-07
2.38789e-07
2.38789e-07
4.7183028e-07
2.38789e-07
2.38789e-07
2.38789e-07
2.38789e-07
2.38789e-07
2.38789e-07
2.4135662e-07
4.3014714e-07
4.5596232e-07
2.38789e-07
2.38789e-07
3.0461516e-07
2.6508243e-07
4.207245e-07
4.1337512e-07
2.8068166e-07
3.6635507e-07
2.38789e-07
2.38789e-07
2.38789e-07
1.0344243e-06
2.38789e-07
2.38789e-07
3.0373795e-07
2.38789e-07
2.38789e-07
2.38789e-07
3.5894655e-07
2.38789e-07
2.38789e-07
2.5413325e-07
2.5793352e-07
2.38789e-07
3.0647627e-07
2.5295526e-07
3.607056e-07
2.38789e-07
2.4498004e-07
2.38789e-07
2.38789e-07
8.357287e-07
3.0874835e-07
3.8262317e-07
3.0780137e-07
2.38789e-07
2.38789e-07
2.38789e-07
2.38789e-07
2.38789e-07
6.8364756e-07
2.38789e-07
3.0656395e-07
2.38789e-07
2.38789e-07
2.5179153e-07
7.762737e-07
2.7113535e-07
5.550125e-07
2.8289062e-07
4.7447944e-07
2.8974728e-07
2.9427304e-07
2.38789e-07
2.7173198e-06
2.38789e-07
2.38789e-07
2.38789e-07
2.38789e-07
2.38789e-07
2.9935651e-07
3.5876795e-07
2.38789e-07
2.38789e-07
2.38789e-07
2.38789e-07
2.38789e-07
2.38789e-07
2.38789e-07
2.38789e-07
2.38789e-07
2.38789e-07
4.578604e-07
2.38789e-07
2.763056e-07
2.38789e-07
2.4648338e-07
2.5671633e-07
2.38789e-07
2.516317e-07
2.38789e-07
2.38789e-07
9.0837807e-07
1.0320456e-06
2.38789e-07
2.38789e-07
2.38789e-07
2.38789e-07
2.38789e-07
2.38789e-07
2.38789e-07
2.38789e-07
2.38789e-07
2.38789e-07
2.38789e-07
2.38789e-07
2.38789e-07
2.38789e-07
2.38789e-07
4.7321592e-07
2.38789e-07
2.38789e-07
6.1431285e-07
2.38789e-07
2.38789e-07
4.909703e-07
2.38789e-07
4.2019045e-07
2.38789e-07
3.3706667e-07
2.38789e-07
2.38789e-07
2.38789e-07
2.6003286e-07
2.38789e-07
2.6740238e-07
2.38789e-07
2.38789e-07
2.38789e-07
3.7579233e-07
2.38789e-07
3.6600693e-07
2.38789e-07
2.8456552e-07
2.3978026e-07
2.38789e-07
4.0674823e-07
2.38789e-07
4.414237e-07
2.6053752e-07
2.618672e-07
2.38789e-07
2.38789e-07
2.38789e-07
3.5657192e-07
3.1893725e-07
2.38789e-07
2.38789e-07
2.38789e-07
6.6148954e-07
2.38789e-07
2.38789e-07
2.38789e-07
2.38789e-07
4.122271e-07
2.38789e-07
2.38789e-07
2.38789e-07
2.38789e-07
2.38789e-07
3.9951988e-07
2.9947927e-07
2.6683634e-07
2.38789e-07
5.833824e-07
2.38789e-07
2.38789e-07
3.1855117e-07
2.38789e-07
2.38789e-07
2.6103694e-07
2.38789e-07
2.38789e-07
5.212469e-07
2.7887268e-07
2.4562198e-07
4.1102984e-07
3.0230083e-07
2.38789e-07
2.4891125e-07
2.38789e-07
5.597866e-07
2.38789e-07
2.38789e-07
2.7268445e-07
2.38789e-07
7.6319634e-07
2.5423606e-07
3.4215796e-07
2.38789e-07
2.38789e-07
2.899806e-07
2.38789e-07
2.38789e-07
4.2159414e-07
2.38789e-07
2.4125376e-07
4.2517635e-07
2.38789e-07
4.4047252e-07
2.38789e-07
2.38789e-07
2.38789e-07
3.5826088e-07
2.38789e-07
6.1354586e-07
3.4513894e-07
2.38789e-07
2.6591925e-07
2.433327e-07
2.38789e-07
2.38789e-07
2.6397066e-07
2.38789e-07
1.6579361e-06
3.63203e-07
2.38789e-07
2.38789e-07
2.38789e-07
5.4272994e-07
2.4143537e-07
2.38789e-07
2.38789e-07
2.677882e-07
3.0800723e-07
2.4896755e-07
2.38789e-07
2.4101e-07
2.38789e-07
2.38789e-07
2.38789e-07
1.8576776e-06
2.38789e-07
2.38789e-07
2.38789e-07
4.2062223e-07
2.38789e-07
2.5940054e-07
2.38789e-07
2.38789e-07
2.38789e-07
2.38789e-07
2.38789e-07
2.38789e-07
2.8330211e-07
3.2931254e-07
3.5429207e-07
2.980046e-07
2.947916e-07
2.38789e-07
2.38789e-07
2.38789e-07
2.38789e-07
4.77899e-07
2.38789e-07
2.397318e-07
1.2949841e-06
3.038098e-07
2.38789e-07
2.38789e-07
2.38789e-07
1.21046e-06
2.9591146e-07
2.38789e-07
3.1754416e-07
2.38789e-07
2.38789e-07
2.38789e-07
2.4689015e-07
2.38789e-07
2.38789e-07
2.38789e-07
2.38789e-07
4.6810172e-07
2.38789e-07
2.38789e-07
2.38789e-07
3.8683038e-07
2.38789e-07
2.38789e-07
2.38789e-07
2.38789e-07
2.38789e-07
2.38789e-07
2.38789e-07
2.38789e-07
2.38789e-07
2.38789e-07
2.38789e-07
2.38789e-07
2.38789e-07
2.38789e-07
2.38789e-07
2.38789e-07
2.38789e-07
2.4352605e-07
7.792449e-07
2.38789e-07
2.38789e-07
2.6111857e-07
2.38789e-07
2.38789e-07
2.38789e-07
2.38789e-07
2.38789e-07
2.38789e-07
2.763172e-07
2.38789e-07
3.005247e-07
2.38789e-07
5.0194365e-07
2.38789e-07
2.38789e-07
2.7647377e-07
2.38789e-07
2.38789e-07
2.38789e-07
2.38789e-07
2.38789e-07
3.0945347e-07
2.38789e-07
2.38789e-07
2.38789e-07
2.4493215e-07
2.38789e-07
2.38789e-07
2.38789e-07
4.8684393e-07
2.38789e-07
2.38789e-07
2.38789e-07
2.38789e-07
2.38789e-07
2.38789e-07
3.0207983e-07
2.38789e-07
2.38789e-07
2.38789e-07
2.7519428e-07
2.38789e-07
2.38789e-07
2.38789e-07
2.38789e-07
2.38789e-07
2.38789e-07
2.38789e-07
2.38789e-07
3.7540153e-07
3.1386506e-07
2.9825e-07
3.5374612e-07
4.0729824e-07
1.1112555e-06
2.38789e-07
2.38789e-07
2.38789e-07
4.0705638e-07
2.38789e-07
1.2151687e-06
2.38789e-07
2.38789e-07
2.672884e-07
4.2412663e-07
2.8296134e-07
3.876835e-07
2.38789e-07
2.38789e-07
2.38789e-07
7.887148e-07
2.38789e-07
6.865865e-07
2.38789e-07
2.505541e-07
2.38789e-07
3.182718e-07
2.38789e-07
3.971214e-07
3.183899e-07
2.38789e-07
4.3074112e-07
2.38789e-07
6.734993e-07
2.38789e-07
2.38789e-07
2.38789e-07
2.38789e-07
5.271367e-07
2.38789e-07
2.38789e-07
3.7407426e-07
2.38789e-07
2.38789e-07
2.38789e-07
2.9053083e-07
2.38789e-07
2.38789e-07
2.6015468e-07
3.5785965e-07
2.38789e-07
2.38789e-07
2.38789e-07
2.38789e-07
2.5377946e-07
2.38789e-07
2.38789e-07
2.38789e-07
3.059868e-07
4.8411096e-07
2.38789e-07
4.4990986e-07
7.49244e-07
4.2423505e-07
2.38789e-07
4.123557e-07
5.8254017e-07
4.7538717e-07
3.1539744e-07
3.183875e-07
2.38789e-07
3.431641e-07
2.38789e-07
2.38789e-07
2.38789e-07
2.38789e-07
2.38789e-07
2.38789e-07
2.38789e-07
2.5430128e-07
2.486652e-07
2.38789e-07
3.4654923e-07
2.38789e-07
2.38789e-07
2.38789e-07
2.38789e-07
2.38789e-07
2.38789e-07
4.776976e-07
2.6705374e-07
3.219274e-07
3.0954587e-07
2.38789e-07
2.38789e-07
3.0041383e-07
2.38789e-07
2.38789e-07
2.38789e-07
2.38789e-07
2.38789e-07
2.38789e-07
2.38789e-07
2.3925102e-07
2.9396762e-07
2.38789e-07
2.38789e-07
2.38789e-07
4.0651287e-07
2.38789e-07
2.38789e-07
2.38789e-07
2.639387e-07
8.1378835e-07
3.008711e-07
2.38789e-07
2.38789e-07
2.38789e-07
2.6513044e-07
2.38789e-07
2.38789e-07
2.38789e-07
2.38789e-07
2.38789e-07
2.38789e-07
2.38789e-07
2.38789e-07
2.38789e-07
2.38789e-07
2.38789e-07
2.38789e-07
2.38789e-07
2.38789e-07
2.38789e-07
2.38789e-07
7.654874e-07
2.38789e-07
2.9040703e-07
4.236589e-07
2.38789e-07
2.38789e-07
2.38789e-07
2.38789e-07
4.453316e-07
2.8057084e-07
2.4126294e-07
2.38789e-07
3.4246088e-07
2.38789e-07
6.1970223e-07
2.38789e-07
2.402165e-07
3.0059175e-07
2.38789e-07
2.4437222e-07
2.38789e-07
3.6283532e-07
2.38789e-07
2.38789e-07
2.38789e-07
8.479946e-07
2.38789e-07
2.38789e-07
2.38789e-07
2.38789e-07
2.38789e-07
2.38789e-07
2.38789e-07
3.190878e-07
6.408638e-07
2.946637e-07
2.503967e-07
2.38789e-07
2.473917e-07
2.38789e-07
2.38789e-07
3.141714e-07
2.38789e-07
2.38789e-07
2.38789e-07
2.38789e-07
2.38789e-07
2.6948655e-07
2.38789e-07
2.4929898e-07
3.9260522e-07
2.38789e-07
3.254036e-07
2.415581e-07
3.0537603e-07
2.38789e-07
2.38789e-07
2.38789e-07
2.38789e-07
2.38789e-07
2.38789e-07
3.687794e-07
2.38789e-07
2.38789e-07
2.38789e-07
2.38789e-07
6.3661014e-07
3.991299e-07
4.6650186e-07
1.1055549e-06
3.6854703e-07
2.38789e-07
2.38789e-07
2.38789e-07
4.4478531e-07
2.38789e-07
3.9881252e-07
2.7411144e-07
2.38789e-07
2.38789e-07
2.38789e-07
2.38789e-07
2.38789e-07
2.38789e-07
2.4282707e-07
2.38789e-07
2.38789e-07
2.38789e-07
2.38789e-07
2.38789e-07
2.38789e-07
3.8475056e-07
2.5658048e-07
2.38789e-07
2.38789e-07
2.38789e-07
2.38789e-07
2.5441093e-07
2.38789e-07
2.38789e-07
2.38789e-07
1.047956e-06
3.8197493e-07
2.38789e-07
2.38789e-07
2.38789e-07
2.38789e-07
2.38789e-07
2.38789e-07
2.38789e-07
2.38789e-07
2.8931956e-07
2.38789e-07
2.38789e-07
4.341824e-07
2.38789e-07
2.38789e-07
2.38789e-07
2.38789e-07
2.38789e-07
2.38789e-07
2.38789e-07
2.38789e-07
4.0759394e-07
2.6732587e-07
2.38789e-07
2.5279056e-07
2.38789e-07
2.38789e-07
1.0947505e-06
3.0134404e-07
2.38789e-07
2.38789e-07
2.38789e-07
2.38789e-07
2.38789e-07
2.38789e-07
5.9279597e-07
2.805559e-07
2.38789e-07
2.38789e-07
3.1348904e-07
2.38789e-07
2.38789e-07
2.38789e-07
2.38789e-07
2.830053e-07
2.38789e-07
6.517398e-07
2.38789e-07
2.8879631e-07
7.50882e-07
2.38789e-07
2.38789e-07
3.2305118e-07
2.38789e-07
2.38789e-07
2.38789e-07
2.38789e-07
4.8210035e-07
2.38789e-07
2.38789e-07
2.38789e-07
2.597476e-07
3.1790444e-07
2.38789e-07
2.38789e-07
2.6354857e-07
3.229052e-07
2.38789e-07
4.5783722e-07
2.38789e-07
2.38789e-07
2.83015e-07
2.38789e-07
2.38789e-07
2.38789e-07
2.8328103e-07
2.38789e-07
2.38789e-07
2.757465e-07
2.5695488e-07
2.38789e-07
2.38789e-07
2.9133963e-07
2.38789e-07
4.1485134e-07
2.38789e-07
2.5328885e-07
2.38789e-07
3.676564e-07
2.9924234e-07
2.38789e-07
4.4505262e-07
2.38789e-07
2.38789e-07
2.38789e-07
2.38789e-07
2.38789e-07
6.517734e-07
2.38789e-07
2.38789e-07
3.214424e-07
9.208333e-07
2.38789e-07
2.38789e-07
2.38789e-07
5.3912504e-07
3.663628e-07
2.38789e-07
2.38789e-07
2.38789e-07
2.5008598e-07
2.5523454e-07
2.490998e-07
4.2914905e-07
2.38789e-07
3.1189302e-07
2.38789e-07
2.38789e-07
2.38789e-07
3.1583662e-07
2.38789e-07
2.38789e-07
3.6264956e-07
2.4252068e-07
2.38789e-07
2.38789e-07
2.38789e-07
2.38789e-07
3.0668943e-07
2.38789e-07
2.9817517e-07
2.38789e-07
2.38789e-07
2.38789e-07
2.38789e-07
2.38789e-07
2.8148395e-07
1.1430151e-06
2.780163e-07
9.1628164e-07
2.6153526e-07
2.38789e-07
2.38789e-07
2.38789e-07
2.38789e-07
2.6971202e-07
2.38789e-07
2.38789e-07
2.8218116e-07
4.0817088e-07
8.431175e-07
2.38789e-07
2.38789e-07
4.4023398e-07
2.38789e-07
2.38789e-07
7.07141e-07
2.38789e-07
2.38789e-07
2.38789e-07
2.38789e-07
2.9948754e-07
2.38789e-07
4.62183e-07
8.453767e-07
2.6491284e-07
2.38789e-07
2.5561454e-07
2.38789e-07
2.38789e-07
2.4166087e-07
3.5390067e-07
2.38789e-07
2.38789e-07
2.38789e-07
3.0022304e-07
2.38789e-07
3.8767098e-07
4.549637e-07
7.348981e-07
9.721068e-07
2.38789e-07
2.38789e-07
2.38789e-07
2.38789e-07
4.5919936e-07
3.7879605e-07
5.912062e-07
2.770127e-07
3.8421487e-07
2.38789e-07
2.38789e-07
2.38789e-07
2.38789e-07
2.38789e-07
3.0430186e-07
2.38789e-07
2.38789e-07
2.5523477e-07
2.38789e-07
2.38789e-07
2.38789e-07
6.3767584e-07
2.38789e-07
3.73013e-07
3.4921698e-07
3.5952112e-07
2.38789e-07
2.38789e-07
3.7754316e-07
4.943201e-07
3.9350257e-07
2.38789e-07
2.38789e-07
3.8611174e-07
4.5830163e-07
2.8419754e-07
8.08219e-07
2.6130718e-07
2.38789e-07
2.38789e-07
2.38789e-07
2.38789e-07
3.3346296e-07
2.7962872e-07
2.38789e-07
8.020509e-07
2.38789e-07
2.38789e-07
2.4476918e-07
2.5548752e-07
3.9499446e-07
3.2784385e-07
2.5565865e-07
2.38789e-07
3.323936e-07
2.7065764e-07
2.38789e-07
2.38789e-07
2.38789e-07
2.38789e-07
2.4352627e-07
2.38789e-07
2.38789e-07
2.38789e-07
5.918256e-07
2.38789e-07
2.38789e-07
2.38789e-07
2.38789e-07
2.38789e-07
2.575029e-07
4.1719213e-07
2.38789e-07
2.38789e-07
3.294932e-07
2.77272e-07
2.38789e-07
2.38789e-07
2.38789e-07
2.38789e-07
2.38789e-07
2.38789e-07
2.8932564e-07
2.38789e-07
2.38789e-07
2.9448194e-07
2.38789e-07
2.930031e-07
8.9119254e-07
3.2504974e-07
2.38789e-07
2.6900352e-07
2.4066364e-07
2.38789e-07
2.38789e-07
2.38789e-07
2.38789e-07
2.8832367e-06
2.38789e-07
2.38789e-07
2.38789e-07
5.857814e-07
2.38789e-07
2.38789e-07
2.647474e-07
2.38789e-07
2.7738596e-07
2.38789e-07
2.38789e-07
2.38789e-07
2.38789e-07
2.4754323e-07
2.38789e-07
2.38789e-07
2.38789e-07
2.38789e-07
2.38789e-07
2.38789e-07
2.6852527e-07
2.38789e-07
3.4393008e-07
2.6699516e-07
2.38789e-07
2.38789e-07
2.8854086e-07
2.4290003e-07
2.38789e-07
2.38789e-07
2.650526e-07
2.38789e-07
3.15711e-07
2.38789e-07
2.38789e-07
3.153171e-07
2.38789e-07
2.6977682e-07
5.811208e-07
2.38789e-07
6.8922367e-07
2.38789e-07
2.38789e-07
3.5854325e-07
8.674669e-07
2.5013344e-07
2.38789e-07
2.38789e-07
2.38789e-07
2.38789e-07
2.38789e-07
2.38789e-07
2.38789e-07
2.38789e-07
2.38789e-07
7.9687567e-07
2.38789e-07
2.38789e-07
2.38789e-07
2.38789e-07
2.38789e-07
2.38789e-07
2.38789e-07
4.0743112e-07
2.7531846e-07
2.38789e-07
2.38789e-07
2.4681717e-07
2.38789e-07
2.438263e-07
3.291932e-07
1.0268276e-06
2.38789e-07
3.998854e-07
2.38789e-07
2.38789e-07
3.0705553e-07
2.38789e-07
2.38789e-07
4.2841052e-07
2.38789e-07
3.0402256e-07
2.38789e-07
2.38789e-07
2.38789e-07
3.100283e-07
2.38789e-07
2.38789e-07
2.38789e-07
3.9953397e-07
2.9946673e-07
3.227325e-07
2.38789e-07
2.38789e-07
2.38789e-07
3.3049142e-07
2.38789e-07
2.38789e-07
2.38789e-07
2.6639086e-07
2.397439e-07
2.38789e-07
4.5790145e-07
2.38789e-07
2.38789e-07
2.38789e-07
2.38789e-07
2.7800354e-07
2.38789e-07
3.9416173e-07
3.609206e-07
2.5907073e-07
2.38789e-07
3.541691e-07
2.38789e-07
2.38789e-07
2.38789e-07
2.38789e-07
2.38789e-07
2.38789e-07
4.8207465e-07
7.370065e-07
3.28998e-07
2.38789e-07
2.38789e-07
2.689376e-07
3.1883084e-07
3.5467033e-07
2.38789e-07
2.38789e-07
2.38789e-07
4.1644958e-07
4.2071488e-07
2.38789e-07
2.38789e-07
2.38789e-07
2.38789e-07
5.6570394e-07
2.38789e-07
2.38789e-07
2.38789e-07
2.38789e-07
2.38789e-07
2.38789e-07
2.38789e-07
2.38789e-07
4.1824862e-07
2.38789e-07
4.1477105e-07
2.38789e-07
5.8468856e-07
2.38789e-07
2.38789e-07
2.38789e-07
3.205812e-07
2.38789e-07
2.38789e-07
3.4603636e-07
2.38789e-07
2.38789e-07
3.864867e-07
2.7488107e-07
2.38789e-07
4.5704505e-07
2.38789e-07
3.948205e-07
3.6890006e-07
2.38789e-07
2.38789e-07
2.9665406e-07
2.855189e-07
2.38789e-07
2.6612273e-07
2.38789e-07
2.38789e-07
2.38789e-07
2.4098884e-07
3.8990822e-07
3.1452427e-07
2.581555e-07
5.4018625e-07
2.38789e-07
2.38789e-07
3.4313499e-07
2.38789e-07
2.38789e-07
2.756045e-07
2.38789e-07
2.38789e-07
2.38789e-07
3.676638e-07
2.38789e-07
2.38789e-07
2.9553047e-07
1.4296521e-06
3.5640434e-07
2.38789e-07
2.7311623e-07
2.4565128e-07
2.3977938e-07
2.38789e-07
2.38789e-07
2.38789e-07
2.38789e-07
2.38789e-07
2.38789e-07
2.8870048e-07
2.38789e-07
4.95856e-07
3.0417536e-07
2.38789e-07
2.38789e-07
2.38789e-07
2.38789e-07
2.38789e-07
2.38789e-07
2.38789e-07
2.38789e-07
2.38789e-07
2.38789e-07
2.595292e-07
2.38789e-07
2.6198362e-07
2.38789e-07
2.38789e-07
2.38789e-07
2.38789e-07
3.1753117e-07
2.38789e-07
2.38789e-07
2.38789e-07
3.388942e-07
3.9898296e-07
2.38789e-07
2.984281e-07
2.38789e-07
2.38789e-07
2.38789e-07
2.38789e-07
2.38789e-07
2.8638962e-07
2.38789e-07
4.7605627e-07
2.38789e-07
2.38789e-07
7.3161846e-07
2.38789e-07
1.1931197e-06
2.38789e-07
2.38789e-07
2.38789e-07
2.38789e-07
2.599295e-07
5.0686174e-07
2.631485e-07
2.38789e-07
2.38789e-07
2.38789e-07
2.38789e-07
2.38789e-07
2.38789e-07
2.456147e-07
1.0405973e-06
3.042697e-07
2.930481e-07
2.38789e-07
2.38789e-07
2.38789e-07
2.6208284e-07
2.38789e-07
6.169949e-07
3.5834123e-07
2.38789e-07
2.38789e-07
4.3817946e-07
3.8220665e-07
2.38789e-07
2.38789e-07
3.3335996e-07
2.38789e-07
2.38789e-07
4.0368684e-07
2.38789e-07
2.38789e-07
2.38789e-07
2.770727e-07
1.1122246e-06
2.38789e-07
3.0215008e-06
2.762184e-07
2.38789e-07
2.38789e-07
2.4440132e-07
2.38789e-07
6.0853154e-07
2.38789e-07
2.38789e-07
2.38789e-07
2.38789e-07
2.38789e-07
3.0098678e-07
2.38789e-07
2.38789e-07
2.38789e-07
2.38789e-07
2.38789e-07
7.973804e-07
2.38789e-07
2.38789e-07
2.8588838e-07
2.5094582e-07
4.9273814e-07
2.38789e-07
2.38789e-07
2.38789e-07
2.38789e-07
2.4387583e-07
2.38789e-07
4.4171387e-07
2.38789e-07
2.38789e-07
2.5715076e-07
2.38789e-07
2.38789e-07
1.3567987e-06
2.38789e-07
2.38789e-07
2.38789e-07
3.3578524e-07
2.38789e-07
2.38789e-07
2.38789e-07
2.38789e-07
2.38789e-07
2.38789e-07
2.38789e-07
2.38789e-07
2.38789e-07
2.38789e-07
2.38789e-07
2.38789e-07
2.625877e-07
2.5205054e-07
2.461646e-07
2.38789e-07
2.38789e-07
2.9549804e-07
2.9921574e-07
2.38789e-07
2.38789e-07
2.38789e-07
2.38789e-07
2.38789e-07
2.38789e-07
2.665403e-07
2.38789e-07
2.38789e-07
2.38789e-07
2.38789e-07
2.9025034e-07
2.38789e-07
2.38789e-07
2.8333992e-07
2.38789e-07
2.38789e-07
2.38789e-07
2.38789e-07
2.38789e-07
2.38789e-07
2.38789e-07
2.38789e-07
2.7741478e-07
2.38789e-07
3.9811334e-07
2.38789e-07
2.38789e-07
2.38789e-07
3.140839e-07
2.38789e-07
2.38789e-07
2.38789e-07
2.7658294e-07
2.38789e-07
2.38789e-07
2.38789e-07
2.38789e-07
2.38789e-07
2.38789e-07
2.38789e-07
2.38789e-07
5.143225e-07
2.38789e-07
3.0063507e-07
2.4749318e-07
2.38789e-07
2.38789e-07
2.4457387e-07
2.38789e-07
2.38789e-07
2.38789e-07
2.38789e-07
2.631111e-07
2.4341833e-07
2.38789e-07
2.38789e-07
2.38789e-07
2.38789e-07
2.38789e-07
2.38789e-07
2.38789e-07
2.38789e-07
2.38789e-07
2.6867872e-07
2.8479278e-07
2.38789e-07
2.38789e-07
2.996204e-07
3.310889e-07
2.38789e-07
2.38789e-07
2.4855544e-07
2.38789e-07
2.38789e-07
5.115435e-07
3.414011e-07
2.38789e-07
2.591891e-07
2.38789e-07
2.38789e-07
3.8575067e-07
2.38789e-07
2.8654782e-07
2.38789e-07
3.0332257e-07
2.6136524e-07
2.799377e-07
2.38789e-07
2.495704e-07
2.38789e-07
2.38789e-07
2.38789e-07
2.992292e-07
2.38789e-07
2.38789e-07
2.38789e-07
2.38789e-07
2.38789e-07
2.38789e-07
2.38789e-07
3.936816e-07
7.5042107e-07
2.38789e-07
2.38789e-07
2.38789e-07
2.666125e-07
2.57401e-07
4.046481e-07
2.38789e-07
2.38789e-07
2.38789e-07
3.7947146e-07
2.38789e-07
2.4723627e-07
2.38789e-07
2.38789e-07
2.8435798e-07
2.38789e-07
2.38789e-07
2.38789e-07
2.38789e-07
2.38789e-07
8.412783e-07
2.38789e-07
2.38789e-07
2.38789e-07
2.38789e-07
2.38789e-07
2.5510627e-07
2.38789e-07
3.787823e-07
2.38789e-07
3.586058e-07
2.38789e-07
3.4984532e-07
2.38789e-07
2.38789e-07
2.38789e-07
2.38789e-07
2.38789e-07
2.38789e-07
2.38789e-07
5.829665e-07
2.38789e-07
2.6206834e-07
2.38789e-07
2.429962e-07
2.38789e-07
3.6149595e-07
2.38789e-07
2.38789e-07
2.38789e-07
2.38789e-07
2.5894624e-07
2.38789e-07
2.38789e-07
5.670748e-07
2.38789e-07
2.9860945e-07
2.9453446e-07
2.721877e-07
4.5038766e-07
3.3029983e-07
2.7754686e-07
2.38789e-07
2.38789e-07
2.38789e-07
2.5725942e-07
5.6738696e-07
2.38789e-07
2.38789e-07
3.1126962e-07
2.38789e-07
2.38789e-07
4.4540718e-07
2.4993503e-07
3.360569e-07
2.38789e-07
3.9990107e-07
2.38789e-07
2.7210902e-07
2.38789e-07
2.4017734e-07
2.38789e-07
2.38789e-07
2.38789e-07
3.8303756e-07
2.38789e-07
2.7987764e-07
2.7015685e-07
2.38789e-07
2.38789e-07
2.859636e-07
2.38789e-07
2.38789e-07
4.306689e-07
3.3530333e-07
2.410222e-07
4.107022e-06
2.38789e-07
2.38789e-07
2.38789e-07
2.38789e-07
3.4144992e-07
2.38789e-07
2.38789e-07
2.38789e-07
2.38789e-07
2.38789e-07
2.8329507e-07
4.2469892e-07
2.38789e-07
3.3687255e-07
2.768405e-07
2.38789e-07
2.38789e-07
2.38789e-07
6.0182464e-07
2.38789e-07
2.38789e-07
2.5680887e-07
2.38789e-07
2.38789e-07
2.38789e-07
2.6780944e-07
1.4722067e-06
2.498526e-07
2.38789e-07
2.38789e-07
2.38789e-07
2.38789e-07
2.38789e-07
2.38789e-07
2.38789e-07
2.5377895e-07
2.38789e-07
2.38789e-07
2.38789e-07
2.38789e-07
2.38789e-07
5.5634587e-07
2.38789e-07
2.38789e-07
2.38789e-07
2.38789e-07
2.934164e-07
2.38789e-07
3.4558653e-07
1.7584706e-06
2.38789e-07
2.38789e-07
2.38789e-07
2.38789e-07
2.38789e-07
2.38789e-07
2.38789e-07
3.468475e-07
2.38789e-07
2.602574e-07
2.38789e-07
2.38789e-07
2.4001156e-07
2.38789e-07
2.38789e-07
5.3833634e-07
2.38789e-07
2.38789e-07
2.38789e-07
3.4130474e-07
2.38789e-07
2.38789e-07
2.8167355e-07
2.38789e-07
2.38789e-07
2.38789e-07
2.38789e-07
2.38789e-07
2.557155e-07
2.38789e-07
7.260301e-07
3.8615107e-07
2.38789e-07
2.8327483e-07
3.301742e-07
2.38789e-07
2.38789e-07
2.38789e-07
2.38789e-07
2.38789e-07
2.38789e-07
2.38789e-07
2.38789e-07
2.38789e-07
2.4719876e-07
3.20151e-07
3.1663487e-07
2.38789e-07
2.38789e-07
2.38789e-07
2.71653e-07
2.38789e-07
2.38789e-07
4.5602974e-07
2.38789e-07
2.38789e-07
2.38789e-07
2.7020064e-07
2.38789e-07
2.38789e-07
2.38789e-07
2.38789e-07
2.38789e-07
2.38789e-07
2.38789e-07
2.38789e-07
2.3977387e-07
2.38789e-07
2.38789e-07
2.38789e-07
2.38789e-07
2.38789e-07
2.38789e-07
2.38789e-07
2.38789e-07
3.6235295e-07
2.38789e-07
2.51547e-07
3.628509e-07
4.563917e-07
2.38789e-07
7.0313587e-07
3.0707722e-07
2.38789e-07
2.38789e-07
2.38789e-07
2.38789e-07
2.5019807e-07
2.38789e-07
2.38789e-07
2.38789e-07
5.262406e-07
6.0975145e-07
2.38789e-07
2.38789e-07
2.38789e-07
2.825059e-07
2.38789e-07
3.774866e-07
3.249468e-07
2.549049e-07
3.8144233e-07
2.38789e-07
2.38789e-07
2.6529787e-07
2.38789e-07
4.3577663e-07
2.38789e-07
2.38789e-07
2.38789e-07
2.38789e-07
2.38789e-07
2.38789e-07
2.581178e-07
2.38789e-07
2.38789e-07
2.38789e-07
2.38789e-07
2.38789e-07
2.38789e-07
3.3461652e-07
2.38789e-07
8.0960905e-07
2.38789e-07
4.1061173e-07
2.5351434e-07
3.0771335e-07
2.38789e-07
2.7313732e-07
3.1577994e-07
2.38789e-07
2.38789e-07
2.38789e-07
2.669847e-07
2.38789e-07
4.2000931e-07
2.9193538e-07
3.0152492e-07
2.38789e-07
2.38789e-07
2.38789e-07
2.38789e-07
2.38789e-07
2.38789e-07
2.38789e-07
2.38789e-07
2.38789e-07
2.4737164e-07
2.38789e-07
2.38789e-07
5.66911e-07
2.38789e-07
2.38789e-07
2.38789e-07
3.6825296e-07
2.421622e-07
2.38789e-07
3.281814e-07
2.38789e-07
2.38789e-07
2.38789e-07
2.38789e-07
2.38789e-07
2.38789e-07
2.38789e-07
2.6538066e-07
2.38789e-07
2.38789e-07
2.6506044e-07
2.38789e-07
5.908038e-07
2.6345737e-07
2.9996463e-07
3.0974107e-07
2.38789e-07
2.38789e-07
3.0914666e-07
2.38789e-07
2.38789e-07
5.129959e-07
4.789918e-07
4.1420654e-07
2.38789e-07
2.38789e-07
2.38789e-07
2.4029535e-07
2.38789e-07
2.38789e-07
4.612103e-07
4.521642e-07
3.282859e-07
2.8129264e-07
7.155974e-07
2.38789e-07
2.38789e-07
2.38789e-07
2.38789e-07
2.38789e-07
2.38789e-07
2.38789e-07
2.38789e-07
2.38789e-07
6.0977646e-07
2.38789e-07
2.38789e-07
2.8564497e-07
3.3122024e-07
2.38789e-07
2.38789e-07
2.38789e-07
2.38789e-07
2.38789e-07
8.354305e-06
3.3762873e-07
2.38789e-07
2.38789e-07
4.1491862e-07
2.38789e-07
2.38789e-07
2.38789e-07
3.4865494e-07
2.38789e-07
2.38789e-07
2.38789e-07
4.2952658e-07
2.8877676e-07
2.9316104e-07
2.38789e-07
2.38789e-07
2.38789e-07
2.38789e-07
2.38789e-07
2.6431377e-07
2.6012316e-07
2.38789e-07
4.4688488e-07
2.38789e-07
2.38789e-07
2.38789e-07
2.5268764e-07
2.38789e-07
3.9152724e-07
2.38789e-07
2.38789e-07
2.38789e-07
2.7638703e-07
9.221744e-07
2.586461e-07
2.7523942e-07
2.601616e-07
2.38789e-07
2.38789e-07
2.38789e-07
2.38789e-07
2.38789e-07
3.699263e-07
3.5355893e-07
6.458975e-07
2.38789e-07
3.3996375e-07
3.6583666e-07
2.38789e-07
2.38789e-07
2.38789e-07
5.321438e-07
2.38789e-07
2.38789e-07
3.343214e-07
2.38789e-07
4.560793e-07
3.5625308e-07
2.38789e-07
2.38789e-07
2.38789e-07
2.5381115e-07
2.38789e-07
2.38789e-07
3.8175497e-07
2.983908e-07
2.38789e-07
2.38789e-07
4.031563e-07
2.38789e-07
4.2531985e-07
2.38789e-07
3.4508727e-07
3.1141272e-07
2.4879475e-07
2.38789e-07
2.38789e-07
2.38789e-07
2.38789e-07
2.38789e-07
2.38789e-07
5.4452266e-07
2.38789e-07
2.5588503e-07
2.38789e-07
3.0654965e-07
2.38789e-07
2.38789e-07
2.4320067e-07
2.5798516e-07
2.38789e-07
3.490302e-07
3.322865e-07
2.38789e-07
2.38789e-07
2.38789e-07
2.38789e-07
2.38789e-07
2.38789e-07
2.38789e-07
2.61463e-07
2.38789e-07
2.38789e-07
2.38789e-07
2.38789e-07
4.4202784e-07
2.38789e-07
2.38789e-07
2.38789e-07
5.766678e-07
2.38789e-07
2.38789e-07
2.4236508e-07
4.685877e-07
2.38789e-07
2.38789e-07
2.38789e-07
2.38789e-07
2.38789e-07
4.6663533e-07
2.4496487e-07
2.38789e-07
2.9590643e-07
4.597931e-07
2.49187e-07
2.38789e-07
2.38789e-07
2.38789e-07
3.8603733e-07
2.38789e-07
2.38789e-07
2.38789e-07
2.38789e-07
2.38789e-07
2.5685935e-07
3.7418022e-07
2.38789e-07
2.38789e-07
2.38789e-07
4.832101e-07
2.38789e-07
2.38789e-07
2.562105e-07
2.38789e-07
2.38789e-07
5.050966e-07
2.8400189e-07
2.38789e-07
3.346934e-07
2.38789e-07
2.38789e-07
2.38789e-07
2.38789e-07
2.38789e-07
2.38789e-07
2.38789e-07
2.38789e-07
2.38789e-07
2.38789e-07
2.38789e-07
2.38789e-07
2.38789e-07
2.38789e-07
