0.008064013
0.00927602
0.009051371
0.008064013
0.008064013
0.008064013
0.010073964
0.008064013
0.010124442
0.008064013
0.008064013
0.008064013
0.008064013
0.008064013
0.008064013
0.008064013
0.009609993
0.008982831
0.011204277
0.008064013
0.009165702
0.008064013
0.008064013
0.008064013
0.008064013
0.016105533
0.008064013
0.008064013
0.016353568
0.01075065
0.008064013
0.008064013
0.008064013
0.008064013
0.008064013
0.012002052
0.008064013
0.008064013
0.008064013
0.008064013
0.008064013
0.009500052
0.008064013
0.008122431
0.01285044
0.008064013
0.008064013
0.008064013
0.008064013
0.008064013
0.008064013
0.013169495
0.012725661
0.017329011
0.008064013
0.008064013
0.008103934
0.008064013
0.008064013
0.008064013
0.008064013
0.010381297
0.00928417
0.009375055
0.008352725
0.008064013
0.008064013
0.008064013
0.008064013
0.011328041
0.008872152
0.008064013
0.008064013
0.008064013
0.008064013
0.008064013
0.008064013
0.008064013
0.008064013
0.008070709
0.008064013
0.020054737
0.0081316205
0.008064013
0.008064013
0.008064013
0.008361799
0.010147722
0.008064013
0.008064013
0.010762995
0.008064013
0.00960423
0.008064013
0.008328213
0.008529035
0.008064013
0.008064013
0.008064013
0.008064013
0.0152612645
0.008064013
0.019219493
0.008064013
0.010513057
0.008064013
0.008064013
0.008064013
0.008064013
0.008064013
0.010760072
0.009008033
0.020256009
0.012199017
0.008064013
0.009427069
0.009098591
0.008064013
0.009871407
0.012937562
0.008064013
0.008064013
0.008064013
0.342078
0.008064013
0.016368533
0.010100079
0.008064013
0.010463591
0.008246664
0.008064013
0.008064013
0.008064013
0.008827703
0.008645645
0.008064013
0.008064013
0.008064013
0.008064013
0.008064013
0.008064013
0.008064013
0.008064013
0.008064013
0.008064013
0.008064013
0.008064013
0.008064013
0.0103325555
0.014289541
0.008064013
0.008064013
0.008064013
0.02363597
0.013321273
0.008064013
0.008064013
0.008064013
0.023513317
0.008064013
0.008064013
0.008064013
0.008064013
0.008064013
0.008064013
0.008064013
0.008064013
0.017995594
0.010399287
0.008064013
0.010148785
0.008064013
0.0106613645
0.008308542
0.008064013
0.008064013
0.008064013
0.008064013
0.008064013
0.01694014
0.008064013
0.008064013
0.008064013
0.023905428
0.011114096
0.008064013
0.008064013
0.017272854
0.008064013
0.008064013
0.008064013
0.025468705
0.008064013
0.008064013
0.008064013
0.008064013
0.020370532
0.008064013
0.008552636
0.008064013
0.008064013
0.008064013
0.008064013
0.012630793
0.012393569
0.008064013
0.008064013
0.008064013
0.008064013
0.009384293
0.008064013
0.013846157
0.020487476
0.008064013
0.008064013
0.008979558
0.009755971
0.008064013
0.010100895
0.008064013
0.008064013
0.008064013
0.008266925
0.008064013
0.008823794
0.011211786
0.008064013
0.008064013
0.008064013
0.008064013
0.011232299
0.017286027
0.008064013
0.008064013
0.008064013
0.008064013
0.0089130895
0.008064013
0.008064013
0.008064013
0.008064013
0.008437165
0.008064013
0.012393907
0.008064013
0.009582479
0.0152568715
0.008684606
0.008064013
0.008064013
0.008064013
0.008064013
0.008064013
0.008064013
0.008064013
0.011909197
0.02311603
0.012291966
0.008064013
0.09382182
0.008064013
0.009137631
0.008064013
0.010132885
0.010341556
0.008064013
0.008064013
0.008064013
0.008064013
0.008064013
0.015164582
0.008956352
0.008064013
0.008064013
0.008064013
0.008064013
0.008064013
0.008064013
0.008064013
0.008064013
0.008254815
0.008064013
0.008064013
0.014435637
0.008064013
0.031192588
0.008064013
0.03698565
0.008064013
0.00808706
0.012928157
0.008064013
0.018932318
0.008064013
0.008103532
0.008856827
0.008319704
0.008064013
0.016554466
0.00837438
0.008064013
0.008064013
0.008064013
0.01923697
0.008064013
0.008064013
0.008064013
0.008064013
0.008064013
0.008064013
0.008064013
0.008064013
0.0112702595
0.008629476
0.009758385
0.008064013
0.008064013
0.011503035
0.008064013
0.008064013
0.010327188
0.008064013
0.008064013
0.008064013
0.008064013
0.016858391
0.008064013
0.011358282
0.008064013
0.01883781
0.008064013
0.008064013
0.008064013
0.014751604
0.03156217
0.010073178
0.008064013
0.008064013
0.00827955
0.008064013
0.008064013
0.008064013
0.0150992675
0.008064013
0.008064013
0.013396383
0.008064013
0.009175109
0.008064013
0.008064013
0.008064013
0.008064013
0.008064013
0.014617786
0.008121362
0.008064013
0.008064013
0.008064013
0.008064013
0.013253722
0.04387258
0.013050157
0.008064013
0.008064013
0.008064013
0.008427194
0.011686532
0.010163071
0.008064013
0.018095367
0.009910652
0.008064013
0.008064013
0.008064013
0.008217035
0.009163953
0.008064013
0.008064013
0.008064013
0.008064013
0.008064013
0.027199822
0.008363088
0.021882001
0.015244978
0.008431383
0.008064013
0.008064013
0.008064013
0.018050246
0.008341811
0.008064013
0.008064013
0.008064013
0.008064013
0.009467263
0.010162922
0.008064013
0.042689137
0.011712924
0.008064013
0.024050094
0.016607713
0.008064013
0.011894381
0.008064013
0.009150702
0.008064013
0.01335895
0.017308569
0.012558307
0.008064013
0.008064013
0.015713826
0.009248925
0.008064013
0.00884733
0.008064013
0.008064013
0.008064013
0.008577088
0.008064013
0.008064013
0.008064013
0.008064013
0.008064013
0.048299056
0.018066952
0.014172986
0.008064013
0.008064013
0.012366523
0.034243684
0.059143104
0.008064013
0.011251805
0.008064013
0.008064013
0.008064013
0.008064013
0.008064013
0.008064013
0.008064013
0.02269693
0.009559815
0.008064013
0.008064013
0.012943919
0.008064013
0.008064013
0.015100595
0.008064013
0.008064013
0.008064013
0.030818574
0.02927615
0.012412335
0.0100551685
0.008064013
0.008064013
0.008064013
0.008064013
0.008064013
0.008999439
0.008064013
0.017704021
0.008064013
0.008064013
0.008064013
0.008064013
0.010554094
0.008064013
0.008064013
0.008064013
0.008064013
0.008064013
0.008064013
0.008064013
0.021670561
0.0130596
0.008064013
0.008064013
0.011592154
0.00944681
0.020041255
0.008064013
0.008064013
0.008064013
0.008964325
0.008064013
0.008064013
0.008064013
0.008064013
0.008064013
0.011945308
0.008064013
0.009340647
0.008064013
0.011175665
0.008064013
0.008064013
0.008064013
0.008064013
0.008580004
0.008064013
0.008064013
0.010529394
0.008064013
0.008064013
0.008064013
0.008800139
0.008064013
0.008064013
0.008064013
0.008064013
0.008064013
0.0866837
0.008064013
0.008064013
0.008064013
0.008064013
0.017850736
0.008064013
0.008064013
0.008064013
0.008371143
0.027530693
0.008064013
0.008064013
0.008442777
0.015090506
0.008064013
0.008064013
0.010227308
0.008064013
0.008064013
0.008102685
0.008064013
0.008064013
0.008064013
0.008064013
0.010150543
0.008064013
0.008064013
0.008064013
0.009024457
0.0097639905
0.024907574
0.0112123145
0.008064013
0.008064013
0.008064013
0.009777267
0.016697139
0.008064013
0.008064013
0.008064013
0.008064013
0.017787777
0.008064013
0.009398058
0.008064013
0.011002161
0.008064013
0.008064013
0.01277206
0.008064013
0.008064013
0.008064013
0.013445858
0.008064013
0.008064013
0.008409073
0.013596838
0.008064013
0.008064013
0.008064013
0.008064013
0.008064013
0.01817033
0.008064013
0.008064013
0.008822501
0.008064013
0.0085613085
0.008064013
0.008064013
0.010904647
0.008064013
0.008064013
0.008204127
0.020887893
0.008064013
0.0136758415
0.009156929
0.008064013
0.010976491
0.008064013
0.008064013
0.008064013
0.008064013
0.008064013
0.008064013
0.008064013
0.008064013
0.008274219
0.008140487
0.008064013
0.008064013
0.011895025
0.008064013
0.008064013
0.008064013
0.02897262
0.008064013
0.011407949
0.011107029
0.008064013
0.0101689575
0.008064013
0.008064013
0.008064013
0.008064013
0.008064013
0.009127845
0.008064013
0.008064013
0.008064013
0.008064013
0.008064013
0.008064013
0.008064013
0.008064013
0.011865654
0.008064013
0.008064013
0.010752136
0.027756693
0.008064013
0.008064013
0.008064013
0.008064013
0.0082045235
0.009012406
0.008064013
0.017771373
0.008064013
0.008064013
0.008064013
0.009078091
0.014949908
0.008064013
0.023533197
0.0174694
0.010244299
0.008064013
0.008064013
0.008064013
0.008064013
0.008064013
0.038217857
0.008064013
0.008064013
0.009909819
0.010421209
0.0082175825
0.01287207
0.022890458
0.008602488
0.009066399
0.008064013
0.012062174
0.008064013
0.008064013
0.012598139
0.008064013
0.014094279
0.0127323
0.015760554
0.008064013
0.008064013
0.008064013
0.008064013
0.010269324
0.008064013
0.008973489
0.009501968
0.008503544
0.008064013
0.008064013
0.008064013
0.020755716
0.008064013
0.026079899
0.008064013
0.008064013
0.01103229
0.008279374
0.008064013
0.008064013
0.00827274
0.009334105
0.008064013
0.031899195
0.008874995
0.009648836
0.019049643
0.009153265
0.008064013
0.008934698
0.008064013
0.010350177
0.008064013
0.008064013
0.008064013
0.008064013
0.008064013
0.008064013
0.008064013
0.008309257
0.020304093
0.009046283
0.008064013
0.008064013
0.014133617
0.010821665
0.008064013
0.011456673
0.008625756
0.008064013
0.008064013
0.014033469
0.008189586
0.008064013
0.016183417
0.014058054
0.008064013
0.008064013
0.02453225
0.008064013
0.008708095
0.008064013
0.009076327
0.008064013
0.008064013
0.009925963
0.009195397
0.008064013
0.008064013
0.009207543
0.008064013
0.008064013
0.0115273455
0.008064013
0.008064013
0.009638758
0.008064013
0.008064013
0.008064013
0.008064013
0.008064013
0.008064013
0.008064013
0.008064013
0.008064013
0.013028827
0.008064013
0.010317295
0.008064013
0.008064013
0.008064013
0.008064013
0.008064013
0.008931799
0.010325268
0.008064013
0.008064013
0.008064013
0.008064013
0.021863598
0.008064013
0.011569939
0.008064013
0.008064013
0.008987773
0.014215902
0.008064013
0.008064013
0.009282346
0.008064013
0.008064013
0.013178937
0.008064013
0.008064013
0.008064013
0.008501196
0.0138985235
0.008064013
0.008064013
0.012316665
0.01861439
0.008064013
0.009055533
0.008064013
0.008064013
0.015178568
0.008541273
0.009028757
0.008567707
0.0239333
0.012308396
0.008064013
0.008064013
0.008064013
0.008064013
0.01340569
0.008064013
0.008064013
0.008064013
0.008221166
0.013032071
0.008064013
0.008064013
0.008064013
0.008064013
0.008064013
0.008064013
0.012380612
0.008064013
0.009597271
0.011067739
0.008064013
0.008064013
0.008064013
0.022816049
0.008064013
0.008311741
0.01122203
0.008064013
0.008803904
0.030862495
0.008064013
0.008064013
0.008064013
0.008064013
0.009541745
0.025655689
0.010223732
0.008064013
0.012604922
0.008633209
0.008336753
0.008064013
0.008064013
0.008064013
0.008219607
0.012410793
0.008064013
0.015827518
0.011015384
0.008064013
0.008064013
0.027497359
0.008064013
0.008064013
0.008064013
0.01399699
0.008064013
0.008064013
0.010498658
0.008064013
0.008064013
0.008064013
0.008064013
0.008064013
0.009562132
0.009385485
0.01133977
0.008064013
0.008064013
0.008064013
0.008064013
0.008064013
0.008064013
0.008064013
0.021311719
0.008064013
0.008064013
0.008064013
0.008064013
0.009286017
0.008064013
0.008064013
0.008064013
0.008064013
0.010756457
0.22330958
0.008064013
0.008064013
0.008064013
0.008064013
0.008746017
0.008064013
0.008064013
0.008064013
0.0107218735
0.010362861
0.008064013
0.008064013
0.008064013
0.008064013
0.008064013
0.0090569025
0.008064013
0.013573253
0.008064013
0.008064013
0.008064013
0.008064013
0.008064013
0.010360816
0.013166694
0.008064013
0.008064013
0.008064013
0.008064013
0.008064013
0.011373955
0.011356739
0.008064013
0.008064013
0.008064013
0.008064013
0.008064013
0.008064013
0.008064013
0.008064013
0.008064013
0.008064013
0.008064013
0.008064013
0.009865011
0.014911258
0.008064013
0.008064013
0.008064013
0.008064013
0.008064013
0.008064013
0.008064013
0.008064013
0.019401513
0.008064013
0.008064013
0.008064013
0.008064013
