5.7411023e-09
5.7411023e-09
5.7411023e-09
6.0112444e-09
1.0475551e-08
8.979804e-09
5.7411023e-09
5.7411023e-09
1.3937774e-08
5.7411023e-09
7.26896e-09
5.7411023e-09
5.7411023e-09
5.7411023e-09
2.5505223e-08
7.300236e-09
1.8452722e-08
4.762032e-08
5.7411023e-09
1.6008525e-07
5.7411023e-09
3.1789565e-08
6.0379373e-09
5.7411023e-09
3.7103582e-08
5.7411023e-09
5.7411023e-09
2.7597505e-08
1.590894e-08
6.463211e-09
5.7411023e-09
5.946347e-09
9.082432e-09
5.7411023e-09
1.0229059e-08
5.7411023e-09
5.97257e-09
6.4738215e-09
6.8093975e-09
5.7411023e-09
5.866229e-09
5.7411023e-09
5.7411023e-09
5.7411023e-09
2.9110657e-08
5.7411023e-09
5.7411023e-09
8.381663e-09
5.985285e-09
1.3946231e-08
5.7411023e-09
7.535807e-09
7.887161e-09
5.7411023e-09
3.1857244e-08
5.7411023e-09
2.5887013e-08
2.4552518e-08
5.7411023e-09
6.142176e-09
5.7411023e-09
5.7411023e-09
5.7411023e-09
7.55659e-09
5.7411023e-09
8.195314e-09
5.7411023e-09
1.055451e-08
5.9533716e-09
7.5904945e-09
5.7411023e-09
5.7411023e-09
5.7411023e-09
1.8887107e-08
5.7411023e-09
5.7411023e-09
5.7411023e-09
5.7411023e-09
1.0948463e-08
9.357754e-09
8.000113e-09
5.7411023e-09
1.9166725e-08
5.7411023e-09
6.119852e-09
5.7411023e-09
5.7411023e-09
5.7411023e-09
5.7411023e-09
1.1423231e-08
5.7411023e-09
7.2451103e-09
5.7411023e-09
5.901861e-09
5.749233e-09
5.7411023e-09
5.7411023e-09
8.947779e-09
8.761687e-09
6.4284666e-09
5.7411023e-09
5.7411023e-09
5.7411023e-09
1.4711063e-08
5.7411023e-09
8.867385e-09
6.734432e-09
5.7411023e-09
5.7411023e-09
5.7411023e-09
5.7411023e-09
5.7411023e-09
5.7411023e-09
1.2581503e-08
5.7411023e-09
2.7554428e-08
5.7411023e-09
5.7411023e-09
6.1744423e-09
1.0489386e-08
8.213545e-09
5.7411023e-09
6.051439e-09
5.7411023e-09
5.7630887e-09
5.7411023e-09
5.7411023e-09
5.7411023e-09
5.7411023e-09
1.2629421e-08
5.7411023e-09
9.119406e-09
1.8250025e-08
5.7411023e-09
5.7411023e-09
9.458061e-09
5.8961453e-09
5.7411023e-09
8.432479e-09
5.7411023e-09
2.4790628e-08
5.7411023e-09
5.7411023e-09
5.7411023e-09
5.7411023e-09
6.497151e-09
5.7411023e-09
5.7411023e-09
7.0810584e-09
5.7411023e-09
6.4604384e-09
4.665679e-08
3.0563797e-08
5.7411023e-09
5.7411023e-09
7.1144837e-09
5.7411023e-09
5.7411023e-09
8.55536e-09
5.7411023e-09
9.191684e-09
5.7411023e-09
5.7411023e-09
1.7438326e-08
5.7411023e-09
5.7411023e-09
5.7411023e-09
5.7411023e-09
5.7411023e-09
5.7411023e-09
1.1862863e-08
5.7411023e-09
5.7411023e-09
6.983067e-09
5.7411023e-09
5.7411023e-09
5.7411023e-09
6.34339e-09
5.7411023e-09
5.7411023e-09
1.7417618e-08
5.7411023e-09
7.663506e-09
2.0162519e-08
6.1413323e-09
5.7411023e-09
5.234928e-08
5.7411023e-09
5.7411023e-09
5.7411023e-09
5.7411023e-09
5.7411023e-09
5.7411023e-09
5.7411023e-09
5.7411023e-09
5.7411023e-09
5.7411023e-09
5.7411023e-09
5.7411023e-09
5.7411023e-09
5.7411023e-09
5.7411023e-09
5.7411023e-09
5.7411023e-09
9.564531e-09
5.7411023e-09
5.7411023e-09
5.7411023e-09
5.7411023e-09
9.198681e-09
5.7411023e-09
5.7411023e-09
8.845999e-09
5.7411023e-09
1.15693535e-08
5.7411023e-09
7.134364e-09
5.7411023e-09
5.7411023e-09
8.091143e-09
8.391885e-09
5.7411023e-09
4.3397097e-08
7.499501e-09
6.23645e-09
5.7411023e-09
5.7411023e-09
7.879613e-09
5.7411023e-09
5.7411023e-09
7.883868e-09
7.949658e-09
5.80065e-09
1.010451e-08
5.7411023e-09
3.5683048e-08
5.7411023e-09
6.517581e-09
5.7411023e-09
5.7411023e-09
5.7411023e-09
6.625738e-09
6.3114927e-09
9.999006e-09
6.260488e-09
5.7411023e-09
9.964622e-09
5.7411023e-09
7.2334294e-09
5.7411023e-09
5.7411023e-09
5.7411023e-09
5.7411023e-09
5.7411023e-09
5.7411023e-09
7.339845e-09
1.3538151e-08
7.910905e-09
5.7411023e-09
1.1398528e-08
5.7411023e-09
5.7411023e-09
5.7411023e-09
6.6320975e-09
6.934691e-08
5.7411023e-09
5.7411023e-09
6.2755885e-09
8.56421e-09
5.7411023e-09
5.7411023e-09
6.57873e-09
6.753894e-09
5.7411023e-09
5.7411023e-09
6.2082863e-09
5.7411023e-09
5.7411023e-09
7.4102493e-09
1.23506805e-08
5.7411023e-09
6.712477e-09
5.7411023e-09
8.129584e-09
5.7411023e-09
1.5324154e-08
5.7411023e-09
2.3167688e-08
1.7700478e-08
8.057862e-09
5.7411023e-09
5.7411023e-09
6.5627885e-09
5.7411023e-09
5.9417555e-09
5.7411023e-09
5.7411023e-09
7.461434e-09
5.7411023e-09
8.491291e-09
6.6180728e-09
5.7411023e-09
5.7411023e-09
1.7510551e-08
5.7411023e-09
6.624361e-09
7.180096e-09
5.7411023e-09
5.7411023e-09
8.6413445e-09
5.7411023e-09
5.7411023e-09
5.7411023e-09
1.2207071e-08
1.0576757e-08
8.614948e-09
1.1715871e-08
5.7411023e-09
7.1503163e-09
5.7411023e-09
2.6344475e-08
5.7411023e-09
3.5645634e-08
5.7411023e-09
8.502621e-09
5.7411023e-09
5.7411023e-09
2.1814898e-08
5.7411023e-09
5.7411023e-09
5.7411023e-09
8.3633145e-09
5.7411023e-09
5.7411023e-09
5.7411023e-09
9.01029e-09
3.3168902e-08
7.4018587e-09
5.7411023e-09
5.7411023e-09
5.9155996e-09
5.7411023e-09
1.7168066e-08
1.1251688e-08
5.7411023e-09
5.7411023e-09
7.496755e-09
2.5611298e-08
5.7411023e-09
5.7411023e-09
7.00564e-09
8.011274e-09
5.7411023e-09
5.7411023e-09
5.7411023e-09
5.7411023e-09
1.2437201e-08
8.842625e-09
1.0060585e-08
5.7411023e-09
5.7411023e-09
5.7411023e-09
5.7411023e-09
5.7411023e-09
8.654442e-09
5.7411023e-09
5.7411023e-09
6.8915442e-09
7.8444184e-09
5.7411023e-09
5.7411023e-09
5.7411023e-09
5.7411023e-09
5.7411023e-09
1.0168872e-08
1.702758e-08
5.7411023e-09
7.154191e-09
5.7411023e-09
5.7889453e-09
6.4167436e-09
5.7411023e-09
1.2257278e-08
5.7411023e-09
5.7411023e-09
5.7411023e-09
5.7411023e-09
5.7411023e-09
7.966856e-09
2.8889133e-08
5.873618e-09
5.7411023e-09
6.334044e-09
5.7411023e-09
5.7411023e-09
5.7411023e-09
5.7411023e-09
5.7411023e-09
5.7411023e-09
5.7411023e-09
5.7411023e-09
6.571594e-09
5.7411023e-09
1.6342874e-08
5.9531104e-09
5.7411023e-09
1.1328629e-08
5.7411023e-09
5.7411023e-09
8.91475e-09
8.76187e-09
2.1849086e-08
6.2359975e-09
2.6310275e-08
5.8665197e-09
6.6451533e-09
5.7411023e-09
5.7411023e-09
1.0420571e-08
5.7411023e-09
5.7411023e-09
5.7411023e-09
8.464917e-09
5.7411023e-09
5.7411023e-09
5.7411023e-09
6.96333e-09
5.7411023e-09
5.7411023e-09
2.8908481e-08
5.7411023e-09
5.7411023e-09
9.000826e-09
5.7411023e-09
7.3442568e-09
1.0681857e-08
8.2229965e-09
1.0514427e-08
5.7411023e-09
8.169641e-09
5.7411023e-09
5.8551732e-09
9.835315e-09
6.1741243e-09
5.7411023e-09
5.7411023e-09
5.7411023e-09
5.7411023e-09
2.7072291e-08
5.7411023e-09
5.7411023e-09
5.7411023e-09
5.7411023e-09
1.07559694e-08
5.7411023e-09
5.7411023e-09
5.7411023e-09
5.7411023e-09
9.8928306e-09
5.7411023e-09
5.7411023e-09
5.7411023e-09
5.7411023e-09
5.7411023e-09
5.7411023e-09
7.115963e-09
5.7411023e-09
6.0598238e-09
5.7411023e-09
5.7411023e-09
5.7411023e-09
5.7411023e-09
1.2649984e-08
5.7411023e-09
5.7411023e-09
5.7411023e-09
5.7824234e-09
5.7411023e-09
5.7411023e-09
5.7411023e-09
6.320359e-09
5.7411023e-09
5.7411023e-09
9.4382555e-09
5.7411023e-09
5.7411023e-09
5.7411023e-09
6.2869097e-09
5.7411023e-09
8.6025675e-09
5.9150924e-09
5.7411023e-09
5.7411023e-09
5.7411023e-09
1.11768665e-08
5.7411023e-09
7.3443407e-09
5.7411023e-09
2.0505563e-07
5.7411023e-09
6.639946e-09
5.7411023e-09
5.7411023e-09
3.093221e-08
5.7411023e-09
5.7411023e-09
2.6615695e-08
5.7411023e-09
5.7411023e-09
1.9729857e-08
5.7411023e-09
7.2496724e-09
1.2454411e-08
5.7411023e-09
7.647591e-09
1.449833e-08
7.304414e-09
8.3314085e-09
5.7411023e-09
5.7411023e-09
1.0918143e-08
5.7411023e-09
9.329328e-09
5.7411023e-09
8.489138e-09
1.1252159e-08
5.9807576e-08
6.4838557e-09
8.004035e-09
1.1744666e-08
8.231691e-09
2.3320332e-08
2.7022097e-08
5.7411023e-09
5.7411023e-09
5.7411023e-09
5.7411023e-09
6.8771797e-09
1.0339337e-08
3.381969e-08
1.3402831e-08
5.7411023e-09
5.7411023e-09
7.507286e-09
5.7411023e-09
5.7411023e-09
5.7411023e-09
7.0727433e-09
5.7411023e-09
5.7411023e-09
5.7411023e-09
5.7411023e-09
5.7411023e-09
5.7411023e-09
5.7411023e-09
5.7411023e-09
5.7411023e-09
9.40397e-09
9.4185815e-09
1.3528911e-08
5.7411023e-09
5.7411023e-09
1.1779505e-08
5.7411023e-09
5.7411023e-09
5.7411023e-09
5.7411023e-09
1.4498219e-08
1.4787355e-08
5.7411023e-09
5.7411023e-09
3.8931642e-08
5.7411023e-09
5.7411023e-09
5.7411023e-09
5.7411023e-09
6.0592225e-09
5.7411023e-09
5.7411023e-09
2.0555955e-08
1.1774205e-08
5.7411023e-09
5.7411023e-09
6.282571e-09
5.7411023e-09
5.7411023e-09
8.618548e-09
5.7411023e-09
5.7411023e-09
7.102661e-09
5.7411023e-09
4.6245077e-08
5.7411023e-09
5.7411023e-09
5.7411023e-09
1.8902462e-08
5.7411023e-09
7.149307e-09
5.7411023e-09
5.7411023e-09
7.310532e-09
5.7411023e-09
5.7411023e-09
5.7411023e-09
5.7411023e-09
5.7411023e-09
5.7411023e-09
5.7411023e-09
5.7411023e-09
5.7411023e-09
5.7411023e-09
5.7411023e-09
5.7411023e-09
5.7411023e-09
5.7411023e-09
5.7411023e-09
1.0467024e-08
5.7411023e-09
5.7411023e-09
5.7411023e-09
5.7411023e-09
1.0871014e-08
5.7411023e-09
7.290912e-09
5.7411023e-09
8.536681e-09
1.3564645e-08
5.7411023e-09
5.7411023e-09
5.7411023e-09
9.120988e-09
5.7411023e-09
5.7411023e-09
5.7411023e-09
5.7411023e-09
5.7411023e-09
5.7411023e-09
1.4496807e-08
5.7411023e-09
5.7411023e-09
5.7411023e-09
5.7411023e-09
5.7411023e-09
7.3010993e-09
9.2984e-09
5.7411023e-09
7.459527e-09
5.7411023e-09
6.63773e-09
1.4091286e-08
5.7411023e-09
5.7411023e-09
7.867493e-09
8.226104e-09
5.7411023e-09
5.7411023e-09
6.485501e-09
5.7411023e-09
7.52558e-09
1.0182304e-08
7.2439494e-09
5.7411023e-09
5.7411023e-09
5.7411023e-09
1.1193764e-08
5.7411023e-09
5.7411023e-09
6.7301555e-09
7.1669874e-09
5.7411023e-09
9.9885415e-09
7.848714e-09
7.1009945e-09
5.7411023e-09
7.802637e-09
5.7411023e-09
1.242992e-08
1.2314786e-08
2.483606e-08
1.6578214e-08
5.7411023e-09
6.257433e-09
5.7411023e-09
5.7411023e-09
5.890772e-09
1.0797597e-07
5.958802e-09
6.426922e-09
6.6349455e-09
5.7411023e-09
7.762988e-09
5.7411023e-09
6.8355797e-09
5.7411023e-09
7.75322e-09
6.4361103e-09
5.7411023e-09
5.7411023e-09
5.7411023e-09
5.7411023e-09
5.7411023e-09
5.7411023e-09
1.4680397e-08
2.6548209e-08
9.221255e-09
8.269727e-09
5.7411023e-09
5.827042e-09
6.368885e-09
5.7411023e-09
5.7411023e-09
5.7411023e-09
9.754794e-09
1.1367329e-08
5.7411023e-09
5.7411023e-09
5.7411023e-09
5.7411023e-09
6.490178e-09
5.7411023e-09
5.7411023e-09
8.937206e-09
5.7411023e-09
1.039986e-08
7.790799e-09
5.7411023e-09
5.7411023e-09
3.3078745e-08
5.7411023e-09
5.7411023e-09
1.3329356e-08
1.31039695e-08
5.7411023e-09
7.3325275e-09
3.8151555e-08
5.7411023e-09
9.349494e-09
7.1700508e-09
7.579731e-09
5.7411023e-09
5.7411023e-09
5.7411023e-09
5.7411023e-09
5.7411023e-09
1.7492795e-08
5.7411023e-09
5.7411023e-09
5.7411023e-09
5.7411023e-09
5.7411023e-09
7.679514e-09
5.7411023e-09
6.4086705e-09
1.1179809e-08
5.7411023e-09
5.7411023e-09
5.7411023e-09
1.1441853e-08
5.7411023e-09
5.7411023e-09
8.392462e-09
8.536794e-09
6.5667325e-09
5.7411023e-09
5.7411023e-09
9.479028e-09
1.951667e-08
6.7984574e-09
5.7411023e-09
5.7411023e-09
5.7411023e-09
7.52106e-09
3.7580417e-08
5.7411023e-09
3.2079434e-08
5.7411023e-09
5.7411023e-09
7.186919e-09
1.8955317e-08
7.763964e-09
5.7411023e-09
7.597287e-09
5.7411023e-09
2.6823878e-08
5.7411023e-09
5.7411023e-09
1.2351905e-08
5.7411023e-09
5.7411023e-09
1.3166302e-08
5.7411023e-09
5.7411023e-09
5.7411023e-09
5.7411023e-09
6.8257066e-08
5.7411023e-09
5.7411023e-09
5.9442375e-09
5.7411023e-09
5.7411023e-09
1.9937922e-08
5.7411023e-09
1.858454e-08
5.7411023e-09
2.006802e-08
5.7411023e-09
5.7411023e-09
5.7786527e-09
5.7411023e-09
5.7411023e-09
5.7411023e-09
5.7411023e-09
5.7411023e-09
3.8265746e-08
5.7411023e-09
5.7411023e-09
5.7411023e-09
5.7411023e-09
5.7411023e-09
5.7411023e-09
5.7411023e-09
5.7411023e-09
2.1943766e-08
5.7411023e-09
5.7411023e-09
5.7411023e-09
5.7411023e-09
5.7411023e-09
5.7411023e-09
7.4143354e-09
5.7411023e-09
7.608874e-09
1.8658595e-08
1.8007087e-08
8.942014e-09
5.7411023e-09
5.7411023e-09
5.7411023e-09
1.04031725e-08
6.306354e-09
5.7411023e-09
5.7411023e-09
5.7411023e-09
5.888402e-09
5.7411023e-09
6.3628987e-09
2.3214884e-08
6.4544023e-09
5.7411023e-09
9.2292245e-09
5.7411023e-09
5.7411023e-09
5.7411023e-09
8.43005e-09
5.7411023e-09
5.7411023e-09
5.7411023e-09
5.7411023e-09
5.7411023e-09
1.510342e-08
5.7411023e-09
5.7411023e-09
5.7411023e-09
6.228188e-09
5.7411023e-09
1.3963478e-08
5.7411023e-09
1.3401475e-08
7.3802053e-09
8.950017e-09
6.857976e-09
5.7411023e-09
7.1607023e-09
9.564787e-09
5.7411023e-09
5.7411023e-09
5.7411023e-09
1.5289356e-08
1.038961e-08
5.7411023e-09
5.7411023e-09
8.321736e-09
5.7411023e-09
5.7411023e-09
1.2017657e-08
5.7411023e-09
1.4478653e-08
6.8385e-09
5.7411023e-09
5.7411023e-09
5.7411023e-09
1.1288188e-08
7.693236e-09
5.7411023e-09
5.7411023e-09
7.0238366e-09
8.149828e-09
5.7411023e-09
5.7411023e-09
5.7411023e-09
5.7929768e-09
5.7411023e-09
5.7411023e-09
6.1696865e-09
5.7411023e-09
5.7411023e-09
5.7411023e-09
1.8734802e-08
5.7411023e-09
6.831021e-08
5.923141e-09
8.06192e-09
5.7411023e-09
5.7411023e-09
5.7411023e-09
9.037605e-09
5.7411023e-09
9.40494e-09
1.09330625e-08
5.7411023e-09
3.40026e-08
5.7411023e-09
6.9663724e-09
5.7411023e-09
5.7411023e-09
1.5664147e-08
5.7411023e-09
5.7411023e-09
7.823036e-09
5.7411023e-09
5.7411023e-09
7.0658257e-09
5.85025e-09
1.2313094e-08
6.81235e-08
5.7411023e-09
5.7411023e-09
5.7411023e-09
7.384021e-09
5.7411023e-09
5.992939e-09
2.4000144e-08
5.7411023e-09
5.7411023e-09
9.501003e-09
1.3452337e-08
5.7411023e-09
5.7411023e-09
7.115054e-09
5.7411023e-09
7.690978e-09
5.7411023e-09
5.7411023e-09
6.3660672e-09
5.7411023e-09
5.7411023e-09
5.7411023e-09
5.7411023e-09
5.7411023e-09
1.7397497e-08
1.633767e-08
5.7411023e-09
5.7411023e-09
6.9499277e-09
5.7411023e-09
5.7411023e-09
5.7411023e-09
9.926171e-09
5.7411023e-09
5.7411023e-09
5.7411023e-09
6.300799e-09
6.560285e-09
5.7411023e-09
9.886737e-09
5.7411023e-09
6.578792e-09
7.831577e-09
5.7411023e-09
5.7411023e-09
5.8720158e-09
1.6620227e-08
5.7411023e-09
6.5853962e-09
5.7411023e-09
6.515456e-09
1.0467702e-08
5.7411023e-09
2.7287275e-08
5.7411023e-09
5.7411023e-09
5.7411023e-09
5.7411023e-09
5.7411023e-09
5.7411023e-09
5.7411023e-09
5.7411023e-09
9.2804e-09
7.955269e-09
5.7411023e-09
5.7411023e-09
5.7411023e-09
5.7411023e-09
5.7411023e-09
5.7411023e-09
6.4366508e-09
5.7411023e-09
8.030612e-09
5.7411023e-09
5.7411023e-09
1.488609e-08
5.7411023e-09
5.7411023e-09
5.7411023e-09
5.7411023e-09
5.7411023e-09
5.7411023e-09
5.7411023e-09
2.0203208e-08
5.7411023e-09
5.7411023e-09
5.7411023e-09
5.7411023e-09
6.990357e-09
5.7411023e-09
1.10987965e-08
3.656912e-08
5.7411023e-09
5.7411023e-09
5.7411023e-09
8.92157e-09
5.7411023e-09
5.7411023e-09
7.0062685e-09
5.7411023e-09
1.2209771e-08
5.7411023e-09
5.7411023e-09
5.7411023e-09
5.7411023e-09
5.7411023e-09
5.7411023e-09
1.1986181e-08
5.7411023e-09
5.7411023e-09
9.402393e-09
2.071378e-08
6.370294e-09
5.7411023e-09
5.7411023e-09
5.7411023e-09
5.7411023e-09
1.3722528e-08
6.7217396e-09
5.7411023e-09
7.0283788e-09
5.7411023e-09
8.889925e-09
5.7411023e-09
5.7411023e-09
5.7411023e-09
1.08876765e-08
5.7411023e-09
1.08548734e-08
5.7411023e-09
5.7411023e-09
5.7411023e-09
1.4301866e-08
5.7411023e-09
5.7411023e-09
5.7411023e-09
5.7411023e-09
1.5322051e-08
5.7411023e-09
5.7411023e-09
5.7411023e-09
5.7411023e-09
5.7411023e-09
5.7411023e-09
5.7411023e-09
9.950473e-09
1.9780614e-08
5.7411023e-09
5.7411023e-09
5.7411023e-09
9.3607e-09
8.632795e-09
8.859709e-09
6.521971e-09
5.7411023e-09
1.185386e-08
5.7411023e-09
8.185176e-09
5.9337704e-09
5.7411023e-09
5.7411023e-09
5.7411023e-09
7.0285266e-09
9.098262e-09
3.7523908e-08
5.7411023e-09
5.7411023e-09
5.7411023e-09
5.7411023e-09
5.7411023e-09
5.7411023e-09
1.0315425e-08
5.7411023e-09
5.7411023e-09
5.7411023e-09
5.7411023e-09
5.7411023e-09
5.7411023e-09
9.125182e-09
1.581705e-08
5.7411023e-09
5.7411023e-09
1.0706783e-08
5.7411023e-09
2.8418205e-08
9.0247045e-09
5.7411023e-09
5.7411023e-09
5.7411023e-09
5.7411023e-09
7.290746e-09
5.7411023e-09
5.7411023e-09
1.1807287e-08
6.0857e-09
5.7411023e-09
5.7411023e-09
1.2369541e-08
6.806878e-09
1.3520946e-07
5.7411023e-09
7.098692e-09
5.7411023e-09
1.1093293e-08
5.7411023e-09
5.7411023e-09
7.4126665e-09
7.3853026e-09
5.7411023e-09
5.7411023e-09
5.7411023e-09
5.7411023e-09
5.7411023e-09
5.7411023e-09
5.7411023e-09
7.591493e-09
6.303132e-09
5.7411023e-09
5.7411023e-09
6.9431976e-09
2.1128445e-08
5.7411023e-09
1.764035e-08
1.4561765e-08
8.284918e-08
5.7411023e-09
9.315992e-09
6.07517e-09
7.465407e-09
5.7411023e-09
2.6920185e-08
5.7411023e-09
5.7411023e-09
6.760145e-09
5.7411023e-09
9.853116e-09
5.7411023e-09
5.7411023e-09
5.7411023e-09
5.7411023e-09
5.7411023e-09
5.7411023e-09
5.7411023e-09
6.9158252e-09
5.7411023e-09
5.7411023e-09
1.0457504e-08
5.7411023e-09
5.7411023e-09
5.7411023e-09
5.7411023e-09
5.7411023e-09
1.1970348e-08
7.192377e-09
6.669597e-09
9.105397e-09
5.7411023e-09
7.688542e-09
5.7411023e-09
2.6609703e-08
8.264192e-09
5.7411023e-09
6.1059073e-09
5.7411023e-09
5.7411023e-09
5.7411023e-09
7.0789117e-09
7.2602173e-09
5.7411023e-09
5.7411023e-09
5.7411023e-09
1.25435005e-08
5.7411023e-09
5.7411023e-09
5.7411023e-09
9.276984e-09
5.7411023e-09
6.3888144e-09
7.0356627e-09
5.7411023e-09
7.49504e-09
1.1693903e-08
6.200772e-09
5.7411023e-09
5.7411023e-09
5.7411023e-09
5.7411023e-09
5.908755e-09
5.7411023e-09
1.4178097e-08
5.7411023e-09
5.7411023e-09
1.0025742e-08
5.7411023e-09
5.7411023e-09
5.7411023e-09
5.7411023e-09
3.227866e-08
5.7411023e-09
5.7411023e-09
5.7411023e-09
5.7411023e-09
5.7411023e-09
1.6895552e-08
5.7411023e-09
5.7411023e-09
1.824731e-08
5.7411023e-09
5.7411023e-09
5.7411023e-09
7.4116766e-09
5.7411023e-09
5.7411023e-09
5.7411023e-09
5.7411023e-09
1.208821e-08
5.7411023e-09
5.7411023e-09
1.509124e-08
5.9477077e-09
5.7411023e-09
5.7411023e-09
5.7411023e-09
5.7411023e-09
5.7411023e-09
5.907301e-09
7.8474125e-09
5.7411023e-09
1.915368e-08
5.7411023e-09
6.872865e-09
5.7411023e-09
5.7411023e-09
6.9416224e-09
5.7411023e-09
5.7411023e-09
5.7411023e-09
5.7411023e-09
2.7153948e-08
9.922916e-09
1.9307365e-08
5.7411023e-09
5.7411023e-09
5.7411023e-09
5.7411023e-09
1.4029417e-08
5.7411023e-09
5.7411023e-09
5.7411023e-09
5.7411023e-09
5.7411023e-09
5.7411023e-09
5.7411023e-09
1.30625954e-08
5.7411023e-09
6.968631e-09
5.7411023e-09
6.674343e-09
1.0995635e-08
1.2495076e-08
6.090856e-09
5.7411023e-09
7.695585e-09
5.7411023e-09
5.7411023e-09
5.7411023e-09
5.7411023e-09
5.7411023e-09
5.7411023e-09
5.7411023e-09
1.192584e-08
5.7411023e-09
5.8345715e-09
5.7411023e-09
1.1370885e-08
5.7411023e-09
5.7411023e-09
5.7411023e-09
5.7411023e-09
5.7411023e-09
4.6951204e-08
5.7411023e-09
5.7411023e-09
5.7411023e-09
1.9135674e-08
5.7411023e-09
5.7411023e-09
5.7411023e-09
5.7411023e-09
7.202234e-09
1.7438959e-08
5.7411023e-09
1.0434631e-08
4.45091e-08
4.8706937e-08
5.7411023e-09
5.7411023e-09
5.7411023e-09
5.7411023e-09
6.8075017e-09
5.7411023e-09
5.7411023e-09
6.6656285e-09
1.39396885e-08
5.7411023e-09
8.793161e-09
5.7411023e-09
5.7411023e-09
7.524331e-09
5.7411023e-09
9.9308854e-09
6.4346746e-09
5.7411023e-09
5.7411023e-09
5.7411023e-09
5.7411023e-09
5.7411023e-09
7.2534063e-09
5.7411023e-09
5.7411023e-09
5.7411023e-09
5.7734972e-09
6.6057004e-09
5.7411023e-09
5.7411023e-09
6.8113724e-09
8.120037e-09
6.0281566e-09
5.7411023e-09
5.752766e-09
5.7411023e-09
8.932195e-09
1.3398509e-08
5.7411023e-09
6.9834534e-09
5.7411023e-09
7.5064275e-09
5.7411023e-09
5.7411023e-09
5.865144e-09
5.7411023e-09
5.7411023e-09
5.7411023e-09
6.2576833e-09
5.7411023e-09
5.7411023e-09
5.7411023e-09
5.7411023e-09
5.7411023e-09
5.7411023e-09
6.0488996e-09
1.630265e-08
5.7411023e-09
5.7411023e-09
9.167487e-09
1.9814143e-08
6.1724403e-09
5.7411023e-09
6.0035785e-09
1.0071607e-08
7.182506e-09
5.7411023e-09
5.7411023e-09
5.7411023e-09
5.7411023e-09
6.574001e-09
5.7411023e-09
6.99636e-09
5.7411023e-09
5.7411023e-09
5.7411023e-09
6.838384e-09
6.4422636e-09
5.7411023e-09
6.453233e-09
5.7411023e-09
5.7411023e-09
5.7411023e-09
5.7411023e-09
2.0364771e-08
5.7411023e-09
5.7411023e-09
1.4973113e-08
5.7411023e-09
5.7411023e-09
5.7411023e-09
6.6585253e-09
7.575048e-09
8.278786e-09
5.7411023e-09
5.7411023e-09
2.1624379e-08
5.7411023e-09
6.1718515e-09
5.7411023e-09
1.606313e-08
6.890006e-09
5.7411023e-09
6.865658e-09
5.8766996e-09
1.5055903e-08
1.3381298e-08
2.383323e-08
6.137901e-09
5.7411023e-09
7.096529e-08
5.7411023e-09
5.823653e-09
6.933418e-09
5.7411023e-09
5.7411023e-09
5.7411023e-09
5.7411023e-09
5.7411023e-09
5.7411023e-09
5.7411023e-09
5.7411023e-09
5.7411023e-09
1.600594e-08
5.7411023e-09
7.274382e-09
5.7411023e-09
5.7411023e-09
7.1852195e-09
8.382687e-09
1.3404747e-08
1.4453323e-08
7.060479e-09
1.4534877e-08
5.7411023e-09
1.2661766e-08
7.5584214e-09
5.7411023e-09
2.0963423e-08
5.7411023e-09
5.7411023e-09
5.7411023e-09
8.93354e-09
5.7411023e-09
5.7411023e-09
5.7411023e-09
5.7411023e-09
5.7411023e-09
2.326391e-08
5.7411023e-09
5.7411023e-09
7.2622526e-09
5.7411023e-09
5.7411023e-09
6.5658683e-09
5.7411023e-09
5.7411023e-09
8.442037e-09
6.7145898e-09
1.3405744e-08
6.7803283e-09
5.7411023e-09
2.5765734e-08
5.7411023e-09
5.7411023e-09
1.5655456e-08
4.277223e-08
8.65535e-09
5.7411023e-09
5.7411023e-09
5.7411023e-09
5.7411023e-09
5.7411023e-09
8.411274e-09
8.227657e-09
1.7665974e-08
5.7411023e-09
5.7411023e-09
6.2031025e-09
5.7411023e-09
6.933828e-09
5.7411023e-09
5.7411023e-09
4.9129515e-08
8.339755e-09
5.7411023e-09
5.7411023e-09
5.7411023e-09
5.7411023e-09
6.1266845e-09
1.26092985e-08
5.7411023e-09
8.247485e-09
5.7411023e-09
5.7411023e-09
1.0331867e-08
5.7411023e-09
1.0206823e-08
5.7411023e-09
5.7411023e-09
5.7411023e-09
6.707946e-09
5.7411023e-09
1.3437514e-08
5.7411023e-09
6.9713835e-09
5.7411023e-09
8.359343e-09
7.752762e-09
5.7411023e-09
5.7411023e-09
5.7411023e-09
5.7411023e-09
5.7411023e-09
5.7411023e-09
5.7411023e-09
5.7411023e-09
5.8574408e-09
5.7411023e-09
5.7411023e-09
5.7411023e-09
5.7411023e-09
7.2837687e-09
5.7411023e-09
1.11174625e-08
9.134167e-09
6.9020283e-09
2.552313e-08
7.542825e-09
9.329899e-09
7.20938e-09
5.7411023e-09
5.7411023e-09
5.7411023e-09
9.032298e-09
7.598809e-09
5.7411023e-09
7.085923e-09
5.7411023e-09
5.7411023e-09
5.7411023e-09
5.7411023e-09
5.7411023e-09
1.6948679e-08
1.64752e-08
5.0035567e-08
9.074986e-09
5.7411023e-09
2.972516e-08
9.09271e-09
5.7411023e-09
5.7411023e-09
7.557773e-09
6.679131e-09
5.7411023e-09
1.737667e-08
5.7411023e-09
5.7411023e-09
5.7411023e-09
5.7411023e-09
9.004192e-09
9.51602e-09
5.7411023e-09
5.7411023e-09
5.7411023e-09
8.7851815e-09
5.7411023e-09
8.236842e-09
5.7411023e-09
5.7411023e-09
1.7407388e-08
5.7411023e-09
8.993396e-09
5.7411023e-09
5.7411023e-09
1.1555615e-08
5.7411023e-09
5.7411023e-09
5.7411023e-09
5.7411023e-09
5.7411023e-09
5.7411023e-09
5.7411023e-09
5.7411023e-09
2.0101849e-08
4.7422898e-08
5.7411023e-09
5.7411023e-09
5.7411023e-09
7.9334805e-09
5.7411023e-09
7.920825e-09
5.7411023e-09
2.1830841e-08
5.7411023e-09
6.812268e-09
5.7411023e-09
6.7215353e-09
7.12009e-09
9.254238e-09
5.7411023e-09
5.7411023e-09
5.7411023e-09
7.0815984e-09
5.7411023e-09
5.7411023e-09
5.7411023e-09
5.7411023e-09
5.7411023e-09
5.7411023e-09
5.7411023e-09
1.2566418e-08
5.7411023e-09
1.470105e-08
5.7411023e-09
5.7411023e-09
5.7411023e-09
5.7411023e-09
5.7411023e-09
5.7411023e-09
5.7411023e-09
5.7411023e-09
5.7411023e-09
5.7411023e-09
5.7411023e-09
7.340042e-09
5.7411023e-09
9.8653565e-09
5.7411023e-09
1.013263e-08
5.7648153e-09
5.7411023e-09
1.0108597e-08
5.7411023e-09
5.7411023e-09
5.7411023e-09
5.7411023e-09
1.3478918e-08
1.4646807e-08
5.7411023e-09
5.7411023e-09
5.7411023e-09
9.17977e-09
5.870807e-09
1.8215976e-08
5.7411023e-09
5.7411023e-09
7.1025794e-09
5.7411023e-09
5.7411023e-09
5.7411023e-09
5.7411023e-09
5.7411023e-09
5.7411023e-09
7.504137e-09
5.7411023e-09
8.9569845e-09
5.7411023e-09
1.1136137e-08
5.7411023e-09
5.7411023e-09
5.7411023e-09
5.7411023e-09
6.0732233e-09
5.7411023e-09
3.011504e-08
1.495747e-08
5.7411023e-09
5.7411023e-09
5.7411023e-09
6.1338175e-09
1.8489223e-08
1.2973803e-08
5.7411023e-09
5.7411023e-09
5.7411023e-09
5.7411023e-09
5.7411023e-09
6.4556587e-09
6.7158834e-09
5.7411023e-09
1.1183946e-08
6.7768244e-09
5.7411023e-09
5.7411023e-09
5.7411023e-09
8.1332905e-09
9.596968e-09
5.7411023e-09
8.221381e-09
5.7411023e-09
3.9495127e-08
5.7411023e-09
5.7411023e-09
1.1319342e-08
5.7411023e-09
5.7411023e-09
7.613723e-09
5.7411023e-09
5.7411023e-09
5.7411023e-09
3.184916e-08
5.7411023e-09
5.7411023e-09
1.13147e-08
6.907546e-09
5.7411023e-09
2.7836194e-08
5.7411023e-09
7.692077e-09
5.7411023e-09
1.276061e-08
5.7411023e-09
1.8954413e-08
5.7411023e-09
6.0610263e-09
5.7411023e-09
5.7411023e-09
5.7411023e-09
8.900443e-09
5.7411023e-09
5.7411023e-09
5.7411023e-09
5.6438452e-08
5.7411023e-09
1.1982317e-08
5.7411023e-09
5.7411023e-09
5.7411023e-09
5.7411023e-09
5.7411023e-09
5.7411023e-09
6.0093757e-09
5.7411023e-09
5.7411023e-09
5.7411023e-09
5.7411023e-09
5.7411023e-09
6.8809456e-09
5.7411023e-09
1.2129112e-08
6.3978014e-09
1.0986976e-08
5.7411023e-09
6.266044e-09
2.3012444e-08
6.259868e-09
5.7411023e-09
6.4129013e-09
9.55115e-09
1.2725585e-08
5.8933236e-09
5.7411023e-09
5.7411023e-09
5.7411023e-09
5.7411023e-09
1.649051e-08
5.7411023e-09
5.7411023e-09
6.6142607e-09
5.7411023e-09
5.7411023e-09
1.7999223e-08
5.7411023e-09
5.7411023e-09
1.0294335e-08
5.7411023e-09
5.7411023e-09
1.1429574e-08
5.7411023e-09
5.7411023e-09
1.6801714e-08
7.916596e-09
1.5980621e-08
5.7411023e-09
5.7411023e-09
1.0027406e-08
5.7411023e-09
5.7411023e-09
1.1446459e-08
5.7411023e-09
3.262491e-08
5.7411023e-09
5.7411023e-09
5.7411023e-09
9.526266e-08
5.7411023e-09
5.7411023e-09
5.895741e-09
2.8821328e-08
7.322911e-09
5.7411023e-09
5.7411023e-09
5.7411023e-09
5.7411023e-09
5.7411023e-09
5.7411023e-09
5.7411023e-09
5.7411023e-09
5.7411023e-09
5.7411023e-09
5.7411023e-09
5.7411023e-09
4.0549264e-08
5.7411023e-09
5.7411023e-09
5.7411023e-09
5.7411023e-09
1.1256839e-08
5.7411023e-09
7.032174e-09
5.7411023e-09
7.802219e-09
5.7411023e-09
5.934665e-09
5.7411023e-09
7.850076e-09
5.8571725e-09
5.7411023e-09
5.7411023e-09
5.7411023e-09
5.838802e-09
5.7411023e-09
6.202783e-09
5.7411023e-09
5.7411023e-09
5.7411023e-09
2.003834e-08
5.7411023e-09
6.0205845e-09
1.6652944e-08
5.7411023e-09
7.993492e-09
5.7411023e-09
5.7411023e-09
5.7411023e-09
1.8438579e-08
8.337385e-09
1.4375243e-08
5.7411023e-09
8.979289e-09
5.7411023e-09
5.7411023e-09
9.2441645e-09
5.7411023e-09
5.7411023e-09
1.7230265e-08
5.7411023e-09
8.164719e-09
6.581039e-09
5.7411023e-09
7.3539006e-09
5.7411023e-09
5.7411023e-09
1.0277032e-08
6.0595e-09
1.3773267e-08
5.7411023e-09
5.7411023e-09
5.7411023e-09
5.7411023e-09
8.402039e-09
9.731138e-09
5.9362946e-09
5.7411023e-09
5.7411023e-09
5.7411023e-09
5.7411023e-09
5.7411023e-09
5.7411023e-09
2.562493e-08
1.25786705e-08
5.7411023e-09
5.7411023e-09
1.310732e-08
7.274327e-09
5.7411023e-09
8.838848e-09
5.7411023e-09
6.5420296e-09
5.7411023e-09
1.0459739e-08
7.788214e-09
2.8761084e-08
5.7411023e-09
5.7411023e-09
5.7411023e-09
1.0500176e-08
6.3468386e-09
5.7411023e-09
1.7997714e-08
6.166122e-09
5.7411023e-09
5.7411023e-09
5.7411023e-09
5.7411023e-09
5.7411023e-09
5.7411023e-09
7.2819626e-09
7.769563e-09
1.3336655e-08
5.9277974e-09
5.7411023e-09
5.7411023e-09
5.7411023e-09
9.023344e-09
6.308688e-09
5.7411023e-09
5.7411023e-09
2.3904159e-08
7.1040964e-09
5.7411023e-09
5.7411023e-09
6.7743047e-09
7.044619e-09
4.848134e-08
1.1916564e-08
5.7411023e-09
1.1242333e-08
5.7411023e-09
7.563555e-09
5.7411023e-09
5.7411023e-09
7.3853874e-09
5.7411023e-09
6.1123857e-09
5.7411023e-09
7.114036e-09
5.7411023e-09
5.7411023e-09
6.8261725e-09
5.7411023e-09
7.345111e-09
6.4333245e-09
5.7411023e-09
5.7411023e-09
5.7411023e-09
9.499698e-09
2.7940503e-08
5.7411023e-09
5.7411023e-09
5.7411023e-09
5.7411023e-09
5.7411023e-09
5.7411023e-09
5.7411023e-09
1.2002011e-08
5.7411023e-09
1.2340815e-08
9.928462e-09
5.7411023e-09
5.7411023e-09
7.3099056e-09
5.7562337e-09
5.7411023e-09
1.8444558e-08
8.942423e-09
7.0148793e-09
7.755957e-09
5.811159e-09
5.7411023e-09
5.7411023e-09
5.7411023e-09
6.2685417e-09
6.494661e-09
5.7411023e-09
1.0060126e-08
5.7411023e-09
5.7411023e-09
5.7411023e-09
