3.15991e-05
3.15991e-05
3.15991e-05
3.15991e-05
3.15991e-05
0.12521037
4.1999145e-05
5.9279395e-05
0.000104654064
3.488122e-05
3.15991e-05
3.15991e-05
3.1616393e-05
3.15991e-05
3.5509667e-05
3.23274e-05
3.15991e-05
5.813205e-05
3.15991e-05
3.15991e-05
3.15991e-05
5.1257513e-05
3.15991e-05
3.169588e-05
5.201324e-05
5.6280805e-05
3.15991e-05
3.9098755e-05
4.814977e-05
3.7472048e-05
3.7561724e-05
3.1600437e-05
5.751456e-05
3.160775e-05
3.592457e-05
3.15991e-05
4.0148727e-05
3.15991e-05
3.15991e-05
3.261028e-05
3.1616262e-05
3.291411e-05
3.6863417e-05
4.2443513e-05
4.3400498e-05
3.15991e-05
5.322932e-05
3.6535726e-05
4.0400442e-05
3.15991e-05
5.5505985e-05
3.15991e-05
3.8823746e-05
3.15991e-05
3.160021e-05
3.15991e-05
3.648312e-05
4.483588e-05
4.4851717e-05
0.00010387471
0.00011707291
3.1631385e-05
0.1254084
3.15991e-05
3.2883756e-05
3.15991e-05
3.172367e-05
3.15991e-05
6.959727e-05
3.15991e-05
5.791773e-05
0.12512496
3.15991e-05
3.163545e-05
3.15991e-05
5.586813e-05
3.15991e-05
3.15991e-05
0.0002817249
3.15991e-05
5.0343777e-05
0.00013619028
3.15991e-05
3.15991e-05
3.15991e-05
3.15991e-05
5.1786352e-05
3.1618285e-05
0.12517259
4.4460532e-05
3.1615138e-05
3.15991e-05
3.3327935e-05
0.00010251125
3.234774e-05
3.15991e-05
3.15991e-05
3.15991e-05
3.15991e-05
4.4654567e-05
3.15991e-05
3.15991e-05
3.15991e-05
5.7234534e-05
3.15991e-05
3.15991e-05
3.15991e-05
6.718519e-05
0.00018556483
6.386386e-05
3.15991e-05
6.557534e-05
3.15991e-05
3.160277e-05
3.15991e-05
7.395752e-05
3.1654483e-05
3.15991e-05
4.6905203e-05
3.15991e-05
3.15991e-05
3.15991e-05
3.3585173e-05
3.15991e-05
3.15991e-05
3.15991e-05
3.225683e-05
3.1622047e-05
0.12527497
3.15991e-05
3.7270565e-05
3.15991e-05
3.9708422e-05
6.4080275e-05
5.6232653e-05
3.338022e-05
3.174289e-05
9.023398e-05
3.15991e-05
3.15991e-05
3.15991e-05
6.235502e-05
3.6338824e-05
3.15991e-05
3.15991e-05
3.15991e-05
3.482355e-05
6.4883825e-05
3.15991e-05
3.15991e-05
3.15991e-05
0.0001171033
0.00011200084
3.15991e-05
3.262915e-05
3.7894468e-05
3.8698192e-05
3.15991e-05
3.15991e-05
5.9310492e-05
3.159974e-05
4.567208e-05
3.1917283e-05
7.380291e-05
3.15991e-05
3.2537304e-05
5.9783677e-05
3.15991e-05
3.15991e-05
3.15991e-05
3.1621792e-05
3.15991e-05
3.15991e-05
3.15991e-05
6.652699e-05
3.15991e-05
3.15991e-05
5.3196847e-05
0.00012883537
3.15991e-05
3.15991e-05
4.1997017e-05
0.00021277317
6.64097e-05
4.587522e-05
3.262647e-05
3.15991e-05
3.969064e-05
3.861836e-05
0.12556833
3.15991e-05
3.15991e-05
3.15991e-05
3.15991e-05
3.165759e-05
3.15991e-05
0.00020884063
0.0003542365
6.284937e-05
3.15991e-05
3.15991e-05
3.3239263e-05
4.8089787e-05
3.9867355e-05
5.338004e-05
5.7886384e-05
3.47109e-05
3.1957883e-05
3.15991e-05
4.0001876e-05
3.15991e-05
7.802484e-05
3.596498e-05
5.4394175e-05
6.0613078e-05
4.9388214e-05
3.15991e-05
4.244058e-05
3.15991e-05
3.230756e-05
3.317938e-05
3.6698162e-05
3.15991e-05
3.5414923e-05
3.15991e-05
3.40572e-05
4.663293e-05
3.9164774e-05
3.717212e-05
3.270108e-05
3.15991e-05
3.15991e-05
3.849112e-05
3.15991e-05
3.9020655e-05
3.15991e-05
5.7534042e-05
3.15991e-05
3.15991e-05
3.15991e-05
3.15991e-05
3.16198e-05
3.686151e-05
3.15991e-05
3.15991e-05
4.2161824e-05
3.15991e-05
3.3885193e-05
3.4908007e-05
3.15991e-05
3.15991e-05
3.1603267e-05
3.6300124e-05
6.1133775e-05
3.15991e-05
5.9747676e-05
3.6508354e-05
0.0001002279
4.434023e-05
0.00017143373
3.15991e-05
3.15991e-05
3.8716673e-05
3.3585013e-05
3.15991e-05
3.15991e-05
3.15991e-05
4.115727e-05
4.2553598e-05
3.15991e-05
7.6809025e-05
6.940684e-05
3.15991e-05
3.15991e-05
3.8061466e-05
3.15991e-05
6.382044e-05
3.15991e-05
3.15991e-05
0.12517315
3.15991e-05
3.15991e-05
3.3566423e-05
3.15991e-05
3.15991e-05
3.2918826e-05
3.15991e-05
3.2262076e-05
4.5811812e-05
3.2060263e-05
3.4780267e-05
0.12519163
3.15991e-05
4.135222e-05
4.9115453e-05
3.3625904e-05
3.1890377e-05
3.15991e-05
4.4277498e-05
3.1615993e-05
3.289136e-05
3.476855e-05
5.891431e-05
3.764572e-05
3.15991e-05
0.12512432
0.00013283151
0.0001231414
3.9363695e-05
3.15991e-05
3.15991e-05
5.5525576e-05
3.15991e-05
3.15991e-05
0.00015056969
3.2121876e-05
3.15991e-05
4.7618545e-05
5.8712794e-05
3.2898883e-05
4.0102863e-05
3.15991e-05
3.5575547e-05
3.1760766e-05
3.15991e-05
3.2267606e-05
3.7364956e-05
3.15991e-05
3.1876552e-05
0.12524354
4.6568275e-05
4.6285808e-05
3.15991e-05
0.12521273
3.15991e-05
3.15991e-05
5.3240372e-05
3.15991e-05
3.399609e-05
4.1251336e-05
3.369482e-05
6.82026e-05
0.12513489
3.371527e-05
3.1936746e-05
3.15991e-05
3.15991e-05
0.12531209
3.15991e-05
3.15991e-05
3.1624186e-05
3.15991e-05
6.489552e-05
3.15991e-05
4.4192428e-05
6.9239235e-05
3.15991e-05
4.1988857e-05
3.3033706e-05
4.414864e-05
3.15991e-05
3.15991e-05
4.2475513e-05
4.6594934e-05
3.15991e-05
5.0202547e-05
4.658568e-05
0.000105134364
3.15991e-05
3.15991e-05
0.00017367238
3.3350494e-05
3.15991e-05
0.00018970788
4.3113796e-05
0.12522812
3.15991e-05
0.00010245321
3.1600084e-05
3.15991e-05
4.0774798e-05
9.3530005e-05
3.1600208e-05
7.532514e-05
3.15991e-05
3.1604715e-05
3.6946996e-05
3.15991e-05
3.15991e-05
3.15991e-05
3.8994876e-05
3.160142e-05
3.341139e-05
3.3034234e-05
4.4666427e-05
7.247952e-05
0.12513988
3.37312e-05
4.500372e-05
3.15991e-05
3.15991e-05
4.402027e-05
3.15991e-05
3.15991e-05
3.15991e-05
3.15991e-05
4.076745e-05
6.27012e-05
7.6709526e-05
3.15991e-05
4.5724708e-05
3.15991e-05
4.506499e-05
4.558402e-05
0.0001326146
9.4216e-05
3.15991e-05
3.1800435e-05
3.15991e-05
3.15991e-05
3.15991e-05
3.899401e-05
3.15991e-05
0.00015292465
3.1660547e-05
7.6887656e-05
5.552605e-05
3.445345e-05
3.7751655e-05
3.15991e-05
3.15991e-05
3.15991e-05
3.15991e-05
3.7139194e-05
3.4466615e-05
3.400939e-05
3.2114815e-05
3.7459125e-05
3.5474146e-05
3.15991e-05
6.2672094e-05
3.1700343e-05
3.1601936e-05
3.15991e-05
3.15991e-05
4.7979564e-05
3.2964745e-05
3.8371694e-05
3.1609743e-05
3.6105346e-05
3.15991e-05
4.064237e-05
3.15991e-05
3.3520824e-05
4.1869564e-05
0.12513125
6.642869e-05
3.15991e-05
0.000301438
3.1612002e-05
3.15991e-05
3.15991e-05
3.15991e-05
6.0656323e-05
3.15991e-05
3.15991e-05
0.000113887036
3.275915e-05
3.15991e-05
3.15991e-05
3.15991e-05
6.709807e-05
3.15991e-05
4.1776068e-05
9.94032e-05
8.9261215e-05
3.15991e-05
4.1375897e-05
3.15991e-05
3.418892e-05
3.632676e-05
3.15991e-05
3.7432827e-05
4.168998e-05
3.15991e-05
3.15991e-05
3.15991e-05
3.15991e-05
3.6860714e-05
3.15991e-05
9.323706e-05
4.5969013e-05
3.1602533e-05
3.7028207e-05
3.1610223e-05
3.2871347e-05
3.9445542e-05
3.15991e-05
6.814026e-05
4.7004116e-05
0.00012994594
3.15991e-05
3.6671314e-05
3.15991e-05
3.1679574e-05
3.161897e-05
7.537259e-05
7.386606e-05
3.15991e-05
3.256296e-05
4.9679093e-05
3.15991e-05
3.15991e-05
3.6941616e-05
3.15991e-05
3.15991e-05
0.12741995
3.15991e-05
3.776203e-05
3.15991e-05
3.304884e-05
3.1601638e-05
3.162532e-05
8.522421e-05
3.15991e-05
7.03144e-05
3.15991e-05
4.4101176e-05
3.15991e-05
3.5820158e-05
6.321492e-05
3.15991e-05
3.8608538e-05
6.8592155e-05
0.1251764
3.9587117e-05
4.058058e-05
3.15991e-05
3.15991e-05
3.9469745e-05
7.4345415e-05
4.0883606e-05
3.15991e-05
4.0177518e-05
4.503026e-05
3.15991e-05
3.15991e-05
3.15991e-05
3.6729987e-05
3.15991e-05
3.165666e-05
3.15991e-05
3.533587e-05
4.108691e-05
4.9945003e-05
3.1616022e-05
3.163048e-05
4.906247e-05
3.15991e-05
3.47814e-05
3.2229298e-05
7.4326614e-05
3.1627424e-05
3.15991e-05
3.15991e-05
3.15991e-05
3.15991e-05
3.15991e-05
3.15991e-05
3.5392866e-05
3.15991e-05
4.806646e-05
3.15991e-05
3.15991e-05
3.2787906e-05
0.00013764192
3.15991e-05
6.0152328e-05
6.615489e-05
3.2463162e-05
7.168111e-05
3.15991e-05
3.15991e-05
0.12518561
3.15991e-05
0.12537324
3.15991e-05
0.12639849
3.163796e-05
3.4729765e-05
3.160544e-05
3.15991e-05
3.15991e-05
3.15991e-05
3.15991e-05
3.2544747e-05
3.15991e-05
3.7972e-05
3.15991e-05
3.15991e-05
0.000100002406
3.15991e-05
0.00013189117
7.03839e-05
3.8086902e-05
3.563785e-05
3.885512e-05
5.9644663e-05
3.15991e-05
3.15991e-05
6.238728e-05
3.15991e-05
3.15991e-05
9.836341e-05
3.15991e-05
3.15991e-05
3.1976364e-05
3.15991e-05
3.15991e-05
3.1616073e-05
3.15991e-05
7.8010744e-05
3.1609823e-05
3.15991e-05
5.387244e-05
5.6803154e-05
3.1658412e-05
3.15991e-05
0.00014486871
3.15991e-05
3.2303054e-05
3.27623e-05
3.15991e-05
4.8675938e-05
3.3675547e-05
3.1602533e-05
3.15991e-05
3.15991e-05
3.15991e-05
0.12515382
4.760274e-05
6.91581e-05
3.15991e-05
3.15991e-05
3.15991e-05
3.15991e-05
3.7187903e-05
3.15991e-05
3.15991e-05
5.5734083e-05
3.1753996e-05
3.4091638e-05
3.1600728e-05
4.367197e-05
3.15991e-05
7.7280296e-05
3.15991e-05
0.00011249397
3.783899e-05
0.12542304
4.9169914e-05
3.4709712e-05
3.4268916e-05
3.15991e-05
3.278916e-05
3.8007674e-05
3.15991e-05
4.6803358e-05
3.7103404e-05
3.1636897e-05
3.5580444e-05
3.15991e-05
4.194463e-05
3.2116295e-05
3.6663565e-05
3.2132622e-05
3.15991e-05
5.6658973e-05
6.546254e-05
8.194482e-05
4.8464717e-05
3.6586076e-05
8.62696e-05
3.599228e-05
3.6623645e-05
3.1611977e-05
3.464442e-05
3.4841236e-05
3.15991e-05
3.2208045e-05
3.15991e-05
3.15991e-05
5.5721488e-05
3.15991e-05
3.1601565e-05
3.15991e-05
3.15991e-05
5.0093786e-05
3.3480297e-05
3.15991e-05
3.9676695e-05
3.15991e-05
4.2535765e-05
0.12522985
4.729192e-05
3.801549e-05
3.15991e-05
3.15991e-05
7.982005e-05
3.15991e-05
3.1602576e-05
3.689262e-05
6.170658e-05
0.0001019812
7.7935045e-05
3.15991e-05
3.6825466e-05
3.15991e-05
3.3596334e-05
5.836874e-05
3.160593e-05
3.1619747e-05
3.15991e-05
0.00013161488
3.15991e-05
3.1680036e-05
3.15991e-05
0.00010272661
6.750255e-05
3.15991e-05
3.15991e-05
4.1988184e-05
3.15991e-05
3.15991e-05
3.15991e-05
6.79067e-05
3.1600834e-05
3.1841417e-05
3.15991e-05
3.685603e-05
4.4399225e-05
3.15991e-05
3.15991e-05
3.15991e-05
3.15991e-05
3.452476e-05
3.15991e-05
3.15991e-05
3.15991e-05
3.1652813e-05
5.612347e-05
4.028812e-05
0.00011671674
4.391744e-05
3.4619923e-05
3.15991e-05
9.383867e-05
3.7250247e-05
0.12526013
3.15991e-05
3.15991e-05
3.1694868e-05
3.160367e-05
3.1657506e-05
4.2143285e-05
8.291872e-05
4.3672997e-05
3.15991e-05
3.1744377e-05
3.1627904e-05
3.15991e-05
3.8830163e-05
3.15991e-05
3.15991e-05
3.3470176e-05
3.65959e-05
3.15991e-05
3.15991e-05
3.15991e-05
0.1253071
3.15991e-05
7.586695e-05
3.1825086e-05
3.15991e-05
3.15991e-05
3.525409e-05
0.00014262521
3.1607367e-05
3.1622127e-05
3.15991e-05
6.174103e-05
8.2734674e-05
3.15991e-05
3.15991e-05
3.2511045e-05
0.1252255
4.37822e-05
5.058351e-05
3.15991e-05
3.15991e-05
3.15991e-05
3.2451127e-05
3.15991e-05
5.318292e-05
3.15991e-05
0.00017070826
3.15991e-05
3.15991e-05
3.4897334e-05
3.722324e-05
3.15991e-05
3.612273e-05
0.00028817565
3.5984714e-05
4.9800088e-05
3.7399677e-05
3.15991e-05
4.9600516e-05
5.023544e-05
0.00013322185
4.796875e-05
0.00017018791
7.6437995e-05
3.178142e-05
5.4354594e-05
0.12517405
3.15991e-05
5.2858995e-05
3.15991e-05
3.1675223e-05
0.00021811777
9.4127085e-05
3.15991e-05
3.160975e-05
8.5590815e-05
3.15991e-05
3.1612715e-05
3.15991e-05
3.15991e-05
3.15991e-05
3.425081e-05
3.230441e-05
0.00017425569
3.15991e-05
4.694819e-05
3.15991e-05
3.15991e-05
4.5425288e-05
5.9386897e-05
0.12513012
3.15991e-05
3.15991e-05
4.387821e-05
3.212178e-05
3.2659293e-05
3.1607877e-05
5.3486583e-05
3.4680364e-05
3.711413e-05
0.12514588
5.1579238e-05
3.15991e-05
3.5246045e-05
3.15991e-05
3.369427e-05
3.15991e-05
3.15991e-05
3.993066e-05
0.00012899654
3.2633146e-05
5.6914098e-05
3.1777105e-05
6.998551e-05
3.15991e-05
3.15991e-05
3.844421e-05
3.15991e-05
3.2162985e-05
4.537282e-05
3.15991e-05
3.6061552e-05
3.15991e-05
3.15991e-05
3.15991e-05
3.15991e-05
3.1600925e-05
8.787203e-05
3.15991e-05
3.15991e-05
5.9886923e-05
3.550502e-05
3.1613214e-05
4.1646104e-05
3.15991e-05
3.932862e-05
5.7008292e-05
3.15991e-05
3.1605177e-05
3.15991e-05
4.100462e-05
8.357817e-05
3.15991e-05
6.692143e-05
3.15991e-05
9.550162e-05
3.15991e-05
3.5350145e-05
3.15991e-05
4.8389447e-05
6.546974e-05
0.12529889
3.41907e-05
3.15991e-05
3.5068708e-05
3.5718633e-05
3.15991e-05
3.15991e-05
4.580644e-05
3.826781e-05
3.2439537e-05
3.328056e-05
3.15991e-05
4.9823375e-05
6.1947445e-05
3.15991e-05
6.4532556e-05
0.12531117
3.1680196e-05
3.4192315e-05
3.15991e-05
3.15991e-05
3.15991e-05
3.15991e-05
3.15991e-05
3.160655e-05
3.453057e-05
6.868224e-05
8.091688e-05
3.334867e-05
4.8589995e-05
3.9935112e-05
5.2550662e-05
5.159715e-05
6.6568515e-05
3.5777677e-05
3.15991e-05
4.0203355e-05
0.00014252025
3.1633874e-05
3.15991e-05
3.1894306e-05
3.15991e-05
4.4591852e-05
5.2221392e-05
3.15991e-05
3.15991e-05
3.15991e-05
3.7629958e-05
5.404854e-05
3.645353e-05
3.15991e-05
3.15991e-05
4.1831256e-05
3.7840604e-05
4.8792514e-05
3.3523604e-05
0.00010902171
3.15991e-05
3.15991e-05
3.15991e-05
3.15991e-05
3.15991e-05
0.00019772991
3.15991e-05
4.352793e-05
3.15991e-05
3.15991e-05
3.15991e-05
3.5498753e-05
3.5317033e-05
3.15991e-05
3.15991e-05
3.2967582e-05
3.15991e-05
3.4817298e-05
3.15991e-05
3.15991e-05
3.15991e-05
3.2238888e-05
3.15991e-05
3.351649e-05
3.15991e-05
3.15991e-05
3.3826607e-05
4.644636e-05
4.2402957e-05
3.15991e-05
7.486413e-05
6.146909e-05
3.15991e-05
3.15991e-05
3.3714896e-05
7.051569e-05
3.15991e-05
3.15991e-05
3.15991e-05
3.231191e-05
3.2848264e-05
3.368468e-05
3.15991e-05
3.1856154e-05
3.15991e-05
3.162924e-05
6.896067e-05
6.5060165e-05
3.473431e-05
3.700111e-05
3.15991e-05
3.15991e-05
5.4274533e-05
5.2274067e-05
5.786344e-05
3.164402e-05
3.1599102e-05
3.352027e-05
3.15991e-05
8.4938336e-05
4.5703004e-05
3.15991e-05
3.15991e-05
3.15991e-05
4.0799183e-05
3.15991e-05
3.15991e-05
5.020441e-05
5.0248367e-05
3.15991e-05
3.160289e-05
3.15991e-05
3.1621712e-05
3.15991e-05
3.15991e-05
3.32198e-05
3.15991e-05
3.15991e-05
3.5029487e-05
3.15991e-05
5.6843986e-05
3.15991e-05
3.5474568e-05
3.15991e-05
3.15991e-05
3.15991e-05
6.8171095e-05
5.3600823e-05
3.990989e-05
3.15991e-05
6.602629e-05
3.15991e-05
6.721469e-05
5.9285572e-05
3.1662392e-05
5.2291867e-05
0.00018180389
3.15991e-05
8.577322e-05
3.1613832e-05
3.15991e-05
0.00010168295
3.8280006e-05
3.15991e-05
3.511201e-05
4.2152587e-05
3.1633135e-05
3.259696e-05
5.3569158e-05
3.15991e-05
3.15991e-05
3.3763892e-05
4.1701423e-05
3.15991e-05
3.15991e-05
9.268585e-05
3.5596124e-05
3.3695665e-05
6.1808554e-05
3.15991e-05
4.7714297e-05
3.15991e-05
3.36768e-05
3.15991e-05
3.2852025e-05
3.15991e-05
5.0734136e-05
3.5378187e-05
3.15991e-05
3.164409e-05
0.0001324247
3.1627504e-05
3.15991e-05
3.15991e-05
3.15991e-05
4.0473224e-05
3.15991e-05
3.6378635e-05
3.256406e-05
3.15991e-05
5.6011515e-05
4.9451533e-05
4.2141804e-05
3.15991e-05
3.162898e-05
0.00011875794
3.7759095e-05
3.3711796e-05
3.15991e-05
3.3618213e-05
6.6999004e-05
3.713686e-05
3.15991e-05
3.1632262e-05
3.1603064e-05
3.1634663e-05
7.626274e-05
3.15991e-05
3.205869e-05
3.1601994e-05
3.303844e-05
3.1607087e-05
3.82787e-05
3.15991e-05
3.15991e-05
3.1600488e-05
3.161192e-05
3.15991e-05
3.2958225e-05
3.252382e-05
9.967995e-05
3.15991e-05
3.7734935e-05
8.086742e-05
3.15991e-05
3.15991e-05
3.15991e-05
0.00025710245
3.15991e-05
3.6901616e-05
3.743611e-05
5.3431795e-05
3.15991e-05
7.198693e-05
3.15991e-05
3.15991e-05
3.6756366e-05
3.826195e-05
3.15991e-05
3.2066608e-05
4.1512365e-05
3.1615178e-05
3.15991e-05
3.15991e-05
5.712851e-05
3.15991e-05
0.00024483475
7.5611286e-05
3.15991e-05
3.15991e-05
4.8987527e-05
3.790199e-05
3.6830526e-05
3.15991e-05
3.15991e-05
4.5267487e-05
3.15991e-05
3.15991e-05
3.15991e-05
3.1857628e-05
3.1608804e-05
5.2096875e-05
4.817963e-05
4.4666325e-05
3.15991e-05
3.15991e-05
3.224524e-05
3.2791577e-05
3.15991e-05
3.1709795e-05
3.15991e-05
0.00067565846
3.8569513e-05
0.001069339
3.15991e-05
0.00020926939
3.5226694e-05
3.1600495e-05
3.312174e-05
0.00016490204
3.516669e-05
5.193426e-05
4.833519e-05
6.019317e-05
3.27952e-05
3.15991e-05
3.9111925e-05
3.9650484e-05
0.00033119813
3.94867e-05
3.15991e-05
3.15991e-05
3.2917058e-05
8.086749e-05
3.15991e-05
3.1623786e-05
3.1624833e-05
5.793567e-05
4.5777015e-05
3.15991e-05
3.15991e-05
7.032279e-05
3.2897275e-05
3.15991e-05
4.6482546e-05
3.15991e-05
3.15991e-05
5.347767e-05
3.15991e-05
5.545847e-05
3.15991e-05
0.000118509815
3.6459678e-05
3.4699835e-05
3.37027e-05
0.0011984657
3.15991e-05
8.6872205e-05
3.15991e-05
3.4198565e-05
3.3382305e-05
4.79957e-05
4.8525773e-05
3.15991e-05
3.15991e-05
3.15991e-05
5.9020233e-05
7.948067e-05
3.721813e-05
3.15991e-05
5.220612e-05
3.15991e-05
3.15991e-05
3.15991e-05
3.9131166e-05
3.15991e-05
3.15991e-05
4.0653504e-05
3.15991e-05
4.9553175e-05
3.15991e-05
3.5533805e-05
3.15991e-05
3.15991e-05
3.2680367e-05
3.15991e-05
3.407152e-05
3.9681156e-05
4.4753364e-05
3.15991e-05
8.3464576e-05
6.8828216e-05
0.00011158066
4.294978e-05
3.4233613e-05
3.160519e-05
3.1604686e-05
3.15991e-05
3.15991e-05
3.15991e-05
4.5172725e-05
3.15991e-05
4.2355125e-05
3.2894175e-05
3.15991e-05
0.00010578435
6.1264545e-05
3.1635886e-05
0.0009696998
3.15991e-05
3.15991e-05
3.456595e-05
5.526136e-05
3.1653915e-05
4.1767606e-05
4.1128504e-05
3.15991e-05
3.15991e-05
9.624478e-05
0.00022136318
3.15991e-05
5.204003e-05
0.00029035629
3.15991e-05
3.15991e-05
0.0001576638
3.15991e-05
3.1623444e-05
3.15991e-05
3.3182674e-05
3.15991e-05
3.1623153e-05
3.37956e-05
7.900561e-05
6.0493538e-05
0.00011466364
3.15991e-05
3.15991e-05
3.206268e-05
5.2269697e-05
3.15991e-05
5.4304586e-05
3.15991e-05
9.37352e-05
3.15991e-05
3.212917e-05
3.779331e-05
0.00043449877
3.15991e-05
3.15991e-05
3.15991e-05
3.161558e-05
5.44252e-05
3.15991e-05
0.00015575145
4.2825428e-05
4.769478e-05
3.1602314e-05
4.182221e-05
0.00015395737
3.15991e-05
3.163425e-05
3.1607884e-05
4.5940596e-05
3.15991e-05
3.163082e-05
3.1776905e-05
3.15991e-05
3.684801e-05
3.7348887e-05
3.15991e-05
3.6756202e-05
4.1424522e-05
6.188484e-05
3.15991e-05
3.159929e-05
3.9078113e-05
4.3638254e-05
4.7299996e-05
3.15991e-05
3.15991e-05
3.15991e-05
5.798576e-05
4.4315315e-05
3.15991e-05
3.15991e-05
6.4457105e-05
6.6822846e-05
4.9776238e-05
5.526003e-05
3.2886506e-05
5.9060898e-05
4.630975e-05
3.15991e-05
9.068457e-05
3.4236306e-05
4.3499804e-05
3.15991e-05
3.15991e-05
3.15991e-05
3.15991e-05
3.2687603e-05
0.00012704177
3.7864796e-05
3.1607968e-05
3.15991e-05
3.572774e-05
0.00016375052
3.15991e-05
0.00010021386
7.421604e-05
3.289488e-05
3.15991e-05
0.00011497306
3.1619245e-05
3.1656535e-05
3.15991e-05
3.1599102e-05
5.10611e-05
5.1473893e-05
3.15991e-05
3.15991e-05
6.3097265e-05
8.613813e-05
3.15991e-05
3.15991e-05
3.15991e-05
3.5526544e-05
3.15991e-05
3.15991e-05
3.15991e-05
3.5913014e-05
3.1609816e-05
3.15991e-05
3.15991e-05
3.15991e-05
3.15991e-05
3.15991e-05
3.8127633e-05
8.444918e-05
5.467942e-05
9.6071875e-05
0.00011213682
3.1609216e-05
0.00010815367
3.1608397e-05
3.15991e-05
3.60781e-05
3.9407103e-05
0.00017312074
3.2303542e-05
0.00014379849
5.323997e-05
3.15991e-05
6.349437e-05
5.3571268e-05
3.15991e-05
3.15991e-05
3.15991e-05
3.15991e-05
5.6319222e-05
3.361727e-05
0.00012418182
3.15991e-05
3.1686173e-05
3.15991e-05
3.15991e-05
3.1609925e-05
4.1860698e-05
3.15991e-05
3.15991e-05
3.15991e-05
8.404417e-05
3.15991e-05
4.272456e-05
3.15991e-05
3.161499e-05
3.15991e-05
3.3528457e-05
3.15991e-05
6.8700145e-05
4.5463068e-05
3.15991e-05
3.15991e-05
3.163647e-05
3.15991e-05
3.15991e-05
3.7078367e-05
4.1830892e-05
5.8638103e-05
7.4435346e-05
3.16209e-05
3.15991e-05
3.15991e-05
3.15991e-05
3.6732505e-05
3.15991e-05
0.00013203021
3.427706e-05
4.5204724e-05
3.15991e-05
3.15991e-05
3.15991e-05
0.0001905235
3.15991e-05
3.3360688e-05
5.368986e-05
4.5628138e-05
3.7643622e-05
0.00018156412
3.5603152e-05
3.4521436e-05
3.337714e-05
3.15991e-05
3.2867025e-05
3.8459813e-05
3.15991e-05
3.15991e-05
3.15991e-05
3.1604468e-05
3.1913507e-05
3.2965778e-05
0.00015780906
6.340434e-05
3.181796e-05
3.15991e-05
3.15991e-05
3.15991e-05
3.1655225e-05
4.445751e-05
3.1617456e-05
7.760417e-05
3.15991e-05
6.089409e-05
4.1159103e-05
8.589872e-05
4.749212e-05
5.516004e-05
7.35527e-05
3.15991e-05
3.15991e-05
4.896014e-05
3.15991e-05
3.1603908e-05
3.76987e-05
3.15991e-05
3.15991e-05
3.693199e-05
4.2709493e-05
3.419834e-05
3.15991e-05
7.146595e-05
3.8920938e-05
6.832314e-05
0.0006028735
3.15991e-05
3.1668063e-05
4.85735e-05
3.4155924e-05
3.4602068e-05
3.15991e-05
3.15991e-05
3.15991e-05
3.1614083e-05
3.2044474e-05
3.15991e-05
7.24469e-05
3.15991e-05
3.15991e-05
3.15991e-05
0.00027778643
4.5593184e-05
9.80618e-05
3.164891e-05
3.15991e-05
3.15991e-05
3.160355e-05
3.15991e-05
3.15991e-05
4.1617575e-05
3.15991e-05
3.15991e-05
3.15991e-05
3.15991e-05
3.163753e-05
7.6077624e-05
8.057724e-05
4.676378e-05
3.15991e-05
3.2967735e-05
3.15991e-05
3.15991e-05
3.15991e-05
3.15991e-05
0.00014181132
0.00014635443
3.4249853e-05
3.15991e-05
7.1217495e-05
3.4143828e-05
0.00017985431
3.15991e-05
3.15991e-05
3.15991e-05
4.8345595e-05
6.496553e-05
5.3490847e-05
3.163152e-05
6.883786e-05
3.15991e-05
3.15991e-05
3.15991e-05
4.0956016e-05
3.8990263e-05
3.15991e-05
3.15991e-05
0.00014178843
3.1599102e-05
6.322666e-05
4.813789e-05
6.8647816e-05
9.37884e-05
3.9557497e-05
3.15991e-05
3.15991e-05
4.9209008e-05
3.15991e-05
3.15991e-05
6.0509854e-05
3.2931413e-05
3.798475e-05
3.15991e-05
4.5369386e-05
6.592515e-05
3.15991e-05
5.717516e-05
3.15991e-05
3.15991e-05
3.764793e-05
3.3598935e-05
0.00014513222
3.15991e-05
3.1599102e-05
4.023628e-05
3.15991e-05
3.554817e-05
3.15991e-05
3.754223e-05
3.15991e-05
3.304323e-05
3.15991e-05
3.15991e-05
3.15991e-05
3.15991e-05
3.15991e-05
5.463029e-05
3.2084085e-05
3.15991e-05
3.15991e-05
3.15991e-05
7.630904e-05
3.422187e-05
3.2225813e-05
3.15991e-05
4.656358e-05
3.1629734e-05
3.15991e-05
3.720601e-05
4.73228e-05
3.6322763e-05
5.0242867e-05
3.160985e-05
3.8703904e-05
3.1599102e-05
5.0876104e-05
5.5715136e-05
3.1600888e-05
3.347765e-05
3.15991e-05
9.762545e-05
3.15991e-05
3.15991e-05
3.15991e-05
8.354013e-05
3.7809354e-05
3.9369213e-05
3.1607575e-05
6.170585e-05
7.6329576e-05
3.3189444e-05
3.15991e-05
3.547403e-05
3.15991e-05
3.3005745e-05
3.4846176e-05
4.9154853e-05
3.15991e-05
3.15991e-05
4.2376974e-05
0.00052214816
3.15991e-05
3.184859e-05
3.460482e-05
3.15991e-05
3.15991e-05
3.15991e-05
3.222593e-05
3.15991e-05
0.00014384207
0.0006924976
3.1599102e-05
0.0011864865
3.15991e-05
3.15991e-05
3.1616357e-05
3.7976264e-05
4.3680622e-05
3.15991e-05
7.069609e-05
3.15991e-05
3.7977814e-05
3.162765e-05
3.56358e-05
3.15991e-05
4.8451577e-05
0.000109358356
3.5689955e-05
3.667702e-05
6.72923e-05
3.6584166e-05
3.15991e-05
3.15991e-05
3.2273438e-05
3.3480734e-05
7.468708e-05
0.00016245106
4.00379e-05
3.364421e-05
3.1604814e-05
0.00012165276
3.7313544e-05
3.15991e-05
3.15991e-05
8.706555e-05
3.15991e-05
5.6014367e-05
5.654974e-05
3.8410926e-05
3.15991e-05
3.15991e-05
3.15991e-05
4.2158546e-05
3.3041553e-05
3.15991e-05
3.15991e-05
4.3131306e-05
3.15991e-05
3.2464155e-05
3.295227e-05
3.15991e-05
4.1354582e-05
3.1623025e-05
3.165648e-05
3.15991e-05
3.7629812e-05
3.15991e-05
3.15991e-05
3.7435588e-05
3.15991e-05
3.15991e-05
3.1889336e-05
3.15991e-05
3.1645217e-05
3.15991e-05
7.522749e-05
3.15991e-05
3.15991e-05
3.15991e-05
3.3839424e-05
3.15991e-05
3.15991e-05
3.160681e-05
3.177842e-05
3.159973e-05
3.164312e-05
3.15991e-05
3.15991e-05
3.15991e-05
0.00023394634
3.15991e-05
3.15991e-05
3.4541445e-05
3.1712858e-05
3.70825e-05
8.9989815e-05
4.5787016e-05
5.7521567e-05
3.6460126e-05
3.4341992e-05
3.3423883e-05
3.5027115e-05
3.6082056e-05
3.165476e-05
3.15991e-05
4.4900833e-05
3.15991e-05
5.403387e-05
3.15991e-05
3.15991e-05
3.15991e-05
3.607684e-05
6.756294e-05
3.3457407e-05
3.15991e-05
3.15991e-05
3.4225293e-05
3.4079123e-05
3.9020844e-05
3.15991e-05
3.15991e-05
3.9144943e-05
3.15991e-05
0.00012558005
6.06433e-05
4.9509228e-05
3.15991e-05
3.15991e-05
9.525604e-05
3.1753858e-05
3.2967124e-05
7.988181e-05
3.15991e-05
5.252876e-05
4.8129048e-05
3.1599102e-05
7.972787e-05
3.2855336e-05
3.15991e-05
4.2455293e-05
3.15991e-05
0.00037735142
4.920398e-05
5.540773e-05
3.15991e-05
7.364048e-05
3.15991e-05
3.15991e-05
8.47335e-05
5.5899218e-05
3.8967093e-05
3.15991e-05
3.15991e-05
3.15991e-05
4.888168e-05
3.15991e-05
3.15991e-05
3.933818e-05
3.15991e-05
3.15991e-05
3.15991e-05
3.191446e-05
3.15991e-05
5.5321532e-05
3.7809463e-05
0.00010006749
9.766909e-05
3.160232e-05
3.15991e-05
3.162663e-05
3.15991e-05
5.183558e-05
3.15991e-05
3.7231493e-05
4.8551625e-05
3.15991e-05
8.378004e-05
3.7030935e-05
3.4212688e-05
3.15991e-05
5.640733e-05
0.00011878375
3.304333e-05
3.15991e-05
3.7987542e-05
3.1603504e-05
4.6813755e-05
3.433558e-05
3.15991e-05
3.15991e-05
6.157201e-05
3.15991e-05
5.212367e-05
3.4055833e-05
3.15991e-05
3.15991e-05
0.000100422054
3.2460404e-05
4.4965003e-05
3.8156944e-05
3.15991e-05
3.279359e-05
3.15991e-05
3.8612558e-05
4.763057e-05
3.15991e-05
3.203428e-05
3.1601972e-05
3.837066e-05
3.15991e-05
9.305472e-05
3.15991e-05
3.15991e-05
3.15991e-05
3.15991e-05
3.15991e-05
3.15991e-05
3.5808476e-05
3.15991e-05
3.15991e-05
3.15991e-05
3.1612126e-05
3.15991e-05
3.1675605e-05
3.1621737e-05
3.15991e-05
3.224153e-05
3.7663267e-05
4.6373243e-05
3.15991e-05
3.5997604e-05
4.0185158e-05
5.6668276e-05
4.5555047e-05
4.366009e-05
3.9251667e-05
9.545456e-05
0.00012053862
3.15991e-05
3.15991e-05
3.15991e-05
4.5025547e-05
6.5957654e-05
3.15991e-05
5.3875832e-05
3.15991e-05
3.15991e-05
3.15991e-05
3.702524e-05
3.15991e-05
3.161039e-05
9.644401e-05
3.511537e-05
5.5331777e-05
5.0810424e-05
3.15991e-05
3.15991e-05
3.2024676e-05
3.16043e-05
3.15991e-05
3.4001136e-05
3.15991e-05
0.00010112531
0.0001087139
3.618217e-05
3.630337e-05
3.7292983e-05
0.00041025813
5.7516365e-05
3.2500764e-05
4.2119485e-05
6.5101165e-05
4.6690595e-05
3.3393895e-05
3.4138553e-05
3.15991e-05
3.15991e-05
3.394117e-05
3.15991e-05
3.15991e-05
3.15991e-05
3.15991e-05
3.15991e-05
3.15991e-05
3.3226806e-05
3.15991e-05
4.605178e-05
4.009369e-05
3.8381768e-05
3.702689e-05
3.223287e-05
7.836213e-05
5.610473e-05
3.15991e-05
3.437452e-05
3.15991e-05
3.1601718e-05
3.15991e-05
3.2297125e-05
3.2369917e-05
5.3110925e-05
3.7771773e-05
3.990344e-05
3.15991e-05
3.1603107e-05
8.65703e-05
0.00017384056
4.171812e-05
3.15991e-05
3.15991e-05
3.15991e-05
3.2833093e-05
4.1748837e-05
4.018144e-05
9.808779e-05
0.00012669995
0.00011562483
3.15991e-05
3.15991e-05
3.15991e-05
3.15991e-05
8.6884625e-05
3.15991e-05
3.15991e-05
