6.409477e-05
6.409477e-05
6.409477e-05
6.409477e-05
6.409477e-05
0.50033355
9.554374e-05
0.00017256515
0.00022166478
7.624399e-05
6.409477e-05
6.409477e-05
6.409477e-05
6.409477e-05
7.757916e-05
6.700797e-05
6.409477e-05
0.00014116091
6.409477e-05
6.409477e-05
6.409477e-05
0.00010487487
6.409477e-05
6.409477e-05
0.00014448453
0.00012974064
6.409477e-05
8.390054e-05
0.00010502149
8.7586566e-05
8.794527e-05
6.409477e-05
0.00015374643
6.409477e-05
7.571947e-05
6.409477e-05
9.6161086e-05
6.409477e-05
6.409477e-05
6.600731e-05
6.409477e-05
6.722263e-05
8.50455e-05
9.166874e-05
9.661911e-05
6.409477e-05
0.0001456209
8.161718e-05
9.9300145e-05
6.409477e-05
0.00015666817
6.409477e-05
9.299336e-05
6.409477e-05
6.409477e-05
6.409477e-05
8.1498656e-05
0.000101525715
0.00010380985
0.00027118876
0.00026790623
6.409477e-05
0.50033355
6.409477e-05
6.690651e-05
6.409477e-05
6.409477e-05
6.409477e-05
0.00017625876
6.409477e-05
0.00016265389
0.50033355
6.409477e-05
6.409477e-05
6.409477e-05
0.00013579256
6.409477e-05
6.409477e-05
0.0008448307
6.409477e-05
0.00012045836
0.0003790229
6.409477e-05
6.409477e-05
6.409477e-05
6.409477e-05
0.00011462134
6.409477e-05
0.50033355
0.00011548002
6.409477e-05
6.409477e-05
7.085752e-05
0.00024360672
6.444147e-05
6.409477e-05
6.409477e-05
6.409477e-05
6.409477e-05
0.00011409018
6.409477e-05
6.409477e-05
6.409477e-05
0.00013377289
6.409477e-05
6.409477e-05
6.409477e-05
0.00014681857
0.00048018876
0.00016349589
6.409477e-05
0.00013227764
6.409477e-05
6.409477e-05
6.409477e-05
0.00023118047
6.409477e-05
6.409477e-05
0.00012530094
6.409477e-05
6.409477e-05
6.409477e-05
6.9809495e-05
6.409477e-05
6.409477e-05
6.409477e-05
6.45935e-05
6.409477e-05
0.50033355
6.409477e-05
8.678064e-05
6.409477e-05
9.653207e-05
0.00017279696
0.00012438171
6.858677e-05
6.409477e-05
0.00022893302
6.409477e-05
6.409477e-05
6.409477e-05
0.00014599337
8.092148e-05
6.409477e-05
6.409477e-05
6.409477e-05
7.699258e-05
0.00013793464
6.409477e-05
6.409477e-05
6.409477e-05
0.00027888795
0.00024882058
6.409477e-05
6.6082765e-05
8.9276255e-05
9.0358946e-05
6.409477e-05
6.409477e-05
0.00013319071
6.409477e-05
0.00011920293
6.536751e-05
0.00022069072
6.409477e-05
6.784759e-05
0.0001335203
6.409477e-05
6.409477e-05
6.409477e-05
6.409477e-05
6.409477e-05
6.409477e-05
6.409477e-05
0.00019413744
6.409477e-05
6.409477e-05
0.0001232114
0.0003615678
6.409477e-05
6.409477e-05
9.792621e-05
0.00053969567
0.00014364917
0.00011872603
6.6057124e-05
6.409477e-05
9.6460935e-05
9.1579284e-05
0.50033355
6.409477e-05
6.409477e-05
6.409477e-05
6.409477e-05
6.409477e-05
6.409477e-05
0.0005339954
0.0007674789
0.00014747366
6.409477e-05
6.409477e-05
6.818694e-05
0.00010573815
8.881671e-05
0.00013853412
0.00016902981
7.425701e-05
6.409477e-05
6.409477e-05
8.1967155e-05
6.409477e-05
0.00024321498
7.942609e-05
0.0001528976
0.00017927872
0.00013525123
6.409477e-05
0.0001049336
6.409477e-05
6.479641e-05
6.8283705e-05
8.235395e-05
6.409477e-05
7.931324e-05
6.409477e-05
7.175961e-05
0.000101669284
8.293557e-05
8.424126e-05
6.61624e-05
6.409477e-05
6.409477e-05
8.9530666e-05
6.409477e-05
9.369182e-05
6.409477e-05
0.00016362876
6.409477e-05
6.409477e-05
6.409477e-05
6.409477e-05
6.409477e-05
8.5048414e-05
6.409477e-05
6.409477e-05
0.00010634568
6.409477e-05
7.110695e-05
7.5198215e-05
6.409477e-05
6.409477e-05
6.409477e-05
8.076668e-05
0.00013611042
6.409477e-05
0.00015335169
8.159959e-05
0.00022415034
0.00011499641
0.00052381237
6.409477e-05
6.409477e-05
9.253595e-05
6.8430956e-05
6.409477e-05
6.409477e-05
6.409477e-05
8.282586e-05
9.3791234e-05
6.409477e-05
0.00024245742
0.00019700933
6.409477e-05
6.409477e-05
8.862027e-05
6.409477e-05
0.00015515508
6.409477e-05
6.409477e-05
0.50033355
6.409477e-05
6.409477e-05
7.180588e-05
6.409477e-05
6.409477e-05
6.937369e-05
6.409477e-05
6.667168e-05
0.00010635674
6.409477e-05
6.9959904e-05
0.50033355
6.409477e-05
8.869923e-05
0.000115574876
7.2202e-05
6.409477e-05
6.409477e-05
9.32725e-05
6.409477e-05
6.7017754e-05
7.6772565e-05
0.0001305016
8.614906e-05
6.409477e-05
0.50033355
0.0002666357
0.0002619347
9.515315e-05
6.409477e-05
6.409477e-05
0.00015568205
6.409477e-05
6.409477e-05
0.0003419451
6.618588e-05
6.409477e-05
0.00010176405
0.00017092885
6.71617e-05
9.544476e-05
6.409477e-05
7.786836e-05
6.474144e-05
6.409477e-05
6.6693945e-05
8.695881e-05
6.409477e-05
6.409477e-05
0.50033355
0.00010975604
0.0001014511
6.409477e-05
0.50033355
6.409477e-05
6.409477e-05
0.000115621166
6.409477e-05
7.2532544e-05
0.00010222175
7.2477655e-05
0.00021050879
0.50033355
7.042726e-05
6.455964e-05
6.409477e-05
6.409477e-05
0.50033355
6.409477e-05
6.409477e-05
6.409477e-05
6.409477e-05
0.00013743693
6.409477e-05
0.0001008748
0.00021422899
6.409477e-05
0.000103521605
6.758793e-05
0.00010143687
6.409477e-05
6.409477e-05
0.00010507307
0.000120476274
6.409477e-05
0.0001287132
9.649443e-05
0.0003419842
6.409477e-05
6.409477e-05
0.0005884181
7.1058086e-05
6.409477e-05
0.00043073547
0.0001031212
0.50033355
6.409477e-05
0.00020958413
6.409477e-05
6.409477e-05
8.310491e-05
0.00021500597
6.409477e-05
0.00021564614
6.409477e-05
6.409477e-05
8.548636e-05
6.409477e-05
6.409477e-05
6.409477e-05
9.367789e-05
6.409477e-05
6.921174e-05
6.5902466e-05
8.9290734e-05
0.00019453026
0.50033355
7.0442846e-05
0.000115538285
6.409477e-05
6.409477e-05
0.00011157593
6.409477e-05
6.409477e-05
6.409477e-05
6.409477e-05
9.78983e-05
0.00013940605
0.00020293336
6.409477e-05
9.374375e-05
6.409477e-05
0.00010252094
9.83478e-05
0.00035904883
0.0002165542
6.409477e-05
6.409477e-05
6.409477e-05
6.409477e-05
6.409477e-05
8.108292e-05
6.409477e-05
0.00047100487
6.409477e-05
0.00020642385
0.00015971778
7.5512165e-05
8.627155e-05
6.409477e-05
6.409477e-05
6.409477e-05
6.409477e-05
7.7393175e-05
7.485815e-05
7.160375e-05
6.409477e-05
8.753488e-05
7.737428e-05
6.409477e-05
0.00014229407
6.4348314e-05
6.409477e-05
6.409477e-05
6.409477e-05
0.00012961663
6.9506794e-05
9.1107526e-05
6.409477e-05
7.998756e-05
6.409477e-05
9.8047036e-05
6.409477e-05
7.1601295e-05
0.00010093552
0.50033355
0.00013333683
6.409477e-05
0.000755428
6.409477e-05
6.409477e-05
6.409477e-05
6.409477e-05
0.00018032367
6.409477e-05
6.409477e-05
0.00039293265
6.854741e-05
6.409477e-05
6.409477e-05
6.409477e-05
0.0001751096
6.409477e-05
0.00010267044
0.00033282474
0.00022985622
6.409477e-05
9.036497e-05
6.409477e-05
7.445406e-05
7.686039e-05
6.409477e-05
8.742968e-05
8.802111e-05
6.409477e-05
6.409477e-05
6.409477e-05
6.409477e-05
8.502174e-05
6.409477e-05
0.00023854876
9.7632976e-05
6.409477e-05
7.791567e-05
6.409477e-05
6.7051566e-05
9.5480544e-05
6.409477e-05
0.00018869685
0.00012358051
0.0003860991
6.409477e-05
8.4362815e-05
6.409477e-05
6.409477e-05
6.409477e-05
0.00016307799
0.00019851801
6.409477e-05
6.795022e-05
0.00013428256
6.409477e-05
6.409477e-05
7.3751165e-05
6.409477e-05
6.409477e-05
0.50033355
6.409477e-05
8.4334904e-05
6.409477e-05
6.595955e-05
6.409477e-05
6.409477e-05
0.00025205477
6.409477e-05
0.00020013977
6.409477e-05
0.000114082024
6.409477e-05
8.069693e-05
0.00018194178
6.409477e-05
9.0000336e-05
0.00014722133
0.50033355
8.9518704e-05
9.399241e-05
6.409477e-05
6.409477e-05
9.105436e-05
0.00022104091
9.5620584e-05
6.409477e-05
8.239841e-05
9.341331e-05
6.409477e-05
6.409477e-05
6.409477e-05
8.1014514e-05
6.409477e-05
6.409477e-05
6.409477e-05
7.567869e-05
8.8593224e-05
0.00011122103
6.409477e-05
6.409477e-05
0.0001009129
6.409477e-05
7.673597e-05
6.661556e-05
0.0001532837
6.409477e-05
6.409477e-05
6.409477e-05
6.409477e-05
6.409477e-05
6.409477e-05
6.409477e-05
7.926984e-05
6.409477e-05
0.00010345449
6.409477e-05
6.409477e-05
6.657054e-05
0.00032044947
6.409477e-05
0.00012278178
0.00020207395
6.541764e-05
0.00018128373
6.409477e-05
6.409477e-05
0.50033355
6.409477e-05
0.50033355
6.409477e-05
0.50033355
6.409477e-05
7.448524e-05
6.409477e-05
6.409477e-05
6.409477e-05
6.409477e-05
6.409477e-05
6.7751316e-05
6.409477e-05
8.527972e-05
6.409477e-05
6.409477e-05
0.00027291648
6.409477e-05
0.00033405176
0.00014199075
8.0119244e-05
8.015936e-05
9.3053415e-05
0.00017558361
6.409477e-05
6.409477e-05
0.00014851298
6.409477e-05
6.409477e-05
0.00027647405
6.409477e-05
6.409477e-05
6.409477e-05
6.409477e-05
6.409477e-05
6.409477e-05
6.409477e-05
0.0002443402
6.409477e-05
6.409477e-05
0.00010884448
0.00016457512
6.409477e-05
6.409477e-05
0.00047441747
6.409477e-05
6.6057306e-05
6.661538e-05
6.409477e-05
0.0001302593
7.2400566e-05
6.409477e-05
6.409477e-05
6.409477e-05
6.409477e-05
0.50033355
0.00011396818
0.00013999577
6.409477e-05
6.409477e-05
6.409477e-05
6.409477e-05
8.6323955e-05
6.409477e-05
6.409477e-05
0.00014664061
6.409477e-05
7.348937e-05
6.409477e-05
8.969857e-05
6.409477e-05
0.0002327756
6.409477e-05
0.0003151381
8.891654e-05
0.50033355
0.00010058578
7.0249975e-05
7.4774034e-05
6.409477e-05
6.672282e-05
8.9439185e-05
6.409477e-05
0.0001247937
8.590795e-05
6.409477e-05
7.788796e-05
6.409477e-05
9.538226e-05
6.6122855e-05
8.221554e-05
6.622887e-05
6.409477e-05
0.00012029145
0.00013339763
0.00020028903
0.00011254426
7.447472e-05
0.00022885075
7.9535304e-05
8.206076e-05
6.409477e-05
7.577588e-05
7.3155155e-05
6.409477e-05
6.653056e-05
6.409477e-05
6.409477e-05
0.00012950925
6.409477e-05
6.409477e-05
6.409477e-05
6.409477e-05
0.00010890512
6.9487374e-05
6.409477e-05
8.0258265e-05
6.409477e-05
0.00010784143
0.50033355
0.00012473387
7.923772e-05
6.409477e-05
6.409477e-05
0.00015976485
6.409477e-05
6.409477e-05
8.510213e-05
0.0001594293
0.00021992988
0.00016242637
6.409477e-05
8.4176136e-05
6.409477e-05
7.204491e-05
0.00017081952
6.409477e-05
6.409477e-05
6.409477e-05
0.00031272674
6.409477e-05
6.409477e-05
6.409477e-05
0.00023437348
0.00016273516
6.409477e-05
6.409477e-05
8.984231e-05
6.409477e-05
6.409477e-05
6.409477e-05
0.00014271095
6.409477e-05
6.409477e-05
6.409477e-05
8.297583e-05
0.00011529528
6.409477e-05
6.409477e-05
6.409477e-05
6.409477e-05
7.579743e-05
6.409477e-05
6.409477e-05
6.409477e-05
6.409477e-05
0.00014611677
9.671866e-05
0.0003656862
0.00011336813
7.6080425e-05
6.409477e-05
0.00019276234
8.3690305e-05
0.50033355
6.409477e-05
6.409477e-05
6.409477e-05
6.409477e-05
6.409477e-05
8.745186e-05
0.00023370872
0.000112251546
6.409477e-05
6.409477e-05
6.409477e-05
6.409477e-05
9.039168e-05
6.409477e-05
6.409477e-05
7.1003014e-05
7.622937e-05
6.409477e-05
6.409477e-05
6.409477e-05
0.50033355
6.409477e-05
0.00017671529
6.499872e-05
6.409477e-05
6.409477e-05
7.6582524e-05
0.0003948422
6.409477e-05
6.409477e-05
6.409477e-05
0.00015272072
0.00020912681
6.409477e-05
6.409477e-05
6.560869e-05
0.50033355
0.00010217779
0.00010939513
6.409477e-05
6.409477e-05
6.409477e-05
6.537068e-05
6.409477e-05
0.00012851808
6.409477e-05
0.00048685973
6.409477e-05
6.409477e-05
7.728771e-05
8.659133e-05
6.409477e-05
8.002609e-05
0.00069508463
7.864806e-05
0.00013476654
8.6514825e-05
6.409477e-05
0.00013610044
0.00013630616
0.000300594
0.00010031153
0.0004925588
0.00021026305
6.479518e-05
0.00015511675
0.50033355
6.409477e-05
0.00014633442
6.409477e-05
6.409477e-05
0.00075880194
0.00025546367
6.409477e-05
6.409477e-05
0.0002074922
6.409477e-05
6.409477e-05
6.409477e-05
6.409477e-05
6.409477e-05
7.470162e-05
6.691602e-05
0.00040666244
6.409477e-05
0.00011742951
6.409477e-05
6.409477e-05
0.00011939952
0.00011974829
0.50033355
6.409477e-05
6.409477e-05
0.00011100138
6.61855e-05
6.6203356e-05
6.409477e-05
0.000109257104
7.641984e-05
8.2189516e-05
0.50033355
0.00014188314
6.409477e-05
7.652186e-05
6.409477e-05
7.247544e-05
6.409477e-05
6.409477e-05
8.464598e-05
0.00045368454
6.6000204e-05
0.00016501776
6.4806794e-05
0.00021550822
6.409477e-05
6.409477e-05
7.735178e-05
6.409477e-05
6.421811e-05
0.000117057454
6.409477e-05
7.800652e-05
6.409477e-05
6.409477e-05
6.409477e-05
6.409477e-05
6.409477e-05
0.00018852798
6.409477e-05
6.409477e-05
0.0001274342
7.971846e-05
6.409477e-05
8.52724e-05
6.409477e-05
9.1207316e-05
0.00011825746
6.409477e-05
6.409477e-05
6.409477e-05
8.6315486e-05
0.00020333818
6.409477e-05
0.00014370204
6.409477e-05
0.00027267978
6.409477e-05
7.572013e-05
6.409477e-05
0.0001275565
0.00019415781
0.50033355
7.446117e-05
6.409477e-05
7.797321e-05
8.057291e-05
6.409477e-05
6.409477e-05
0.000118752076
8.863742e-05
6.5324326e-05
6.868842e-05
6.409477e-05
0.00011868573
0.00012460702
6.409477e-05
0.00016551116
0.50033355
6.409477e-05
7.446763e-05
6.409477e-05
6.409477e-05
6.409477e-05
6.409477e-05
6.409477e-05
6.409477e-05
7.368846e-05
0.0002022289
0.00023635382
7.109306e-05
0.00013205835
8.072279e-05
0.000120576726
0.00014186623
0.00016823469
8.0530655e-05
6.409477e-05
9.851178e-05
0.00029592807
6.409477e-05
6.409477e-05
6.409477e-05
6.409477e-05
0.00011490761
0.0001262176
6.409477e-05
6.409477e-05
6.409477e-05
8.817763e-05
0.0001401757
8.1019156e-05
6.409477e-05
6.409477e-05
0.00010502339
8.668891e-05
0.00010066887
6.891964e-05
0.00027229192
6.409477e-05
6.409477e-05
6.409477e-05
6.409477e-05
6.409477e-05
0.0007174634
6.409477e-05
0.00010967789
6.409477e-05
6.409477e-05
6.409477e-05
7.8584184e-05
7.68343e-05
6.409477e-05
6.409477e-05
6.74365e-05
6.409477e-05
7.4827105e-05
6.409477e-05
6.409477e-05
6.409477e-05
6.4521715e-05
6.409477e-05
6.959116e-05
6.409477e-05
6.409477e-05
7.0829556e-05
0.000121351615
0.00010354174
6.409477e-05
0.00021329532
0.00014174452
6.409477e-05
6.409477e-05
7.041672e-05
0.00017930215
6.409477e-05
6.409477e-05
6.409477e-05
6.694602e-05
6.695923e-05
7.019634e-05
6.409477e-05
6.512299e-05
6.409477e-05
6.409477e-05
0.00014376674
0.00016064613
7.450342e-05
8.570282e-05
6.409477e-05
6.409477e-05
0.00010923252
0.00012118302
0.00016887354
6.409477e-05
6.409477e-05
6.961073e-05
6.409477e-05
0.00025844737
9.92974e-05
6.409477e-05
6.409477e-05
6.409477e-05
9.845506e-05
6.409477e-05
6.409477e-05
0.000108282555
0.00011286484
6.409477e-05
6.409477e-05
6.409477e-05
6.409477e-05
6.409477e-05
6.409477e-05
7.057483e-05
6.409477e-05
6.409477e-05
7.781632e-05
6.409477e-05
0.00013122687
6.409477e-05
7.9485195e-05
6.409477e-05
6.409477e-05
6.409477e-05
0.0001577756
0.00014996948
9.520333e-05
6.409477e-05
0.00014014817
6.409477e-05
0.00020655715
0.00017484066
6.409477e-05
0.00012956792
0.00046318912
6.409477e-05
0.00021970709
6.409477e-05
6.409477e-05
0.00027309242
9.081841e-05
6.409477e-05
7.528007e-05
9.4953735e-05
6.409477e-05
6.595402e-05
0.00011229469
6.409477e-05
6.409477e-05
7.2753945e-05
0.00010237188
6.409477e-05
6.409477e-05
0.00023670384
7.795067e-05
7.248103e-05
0.0001648418
6.409477e-05
0.00012092629
6.409477e-05
7.027337e-05
6.409477e-05
6.674637e-05
6.409477e-05
0.000131436
7.9211124e-05
6.409477e-05
6.409477e-05
0.00043721602
6.409477e-05
6.409477e-05
6.409477e-05
6.409477e-05
9.744398e-05
6.409477e-05
8.3212915e-05
6.795462e-05
6.409477e-05
0.00016167216
0.00010220127
0.000106265594
6.409477e-05
6.409477e-05
0.0003420563
8.660256e-05
7.254556e-05
6.409477e-05
7.217122e-05
0.00015800986
7.856073e-05
6.409477e-05
6.409477e-05
6.409477e-05
6.409477e-05
0.00023513514
6.409477e-05
6.409477e-05
6.409477e-05
6.985212e-05
6.409477e-05
8.062909e-05
6.409477e-05
6.409477e-05
6.409477e-05
6.409477e-05
6.409477e-05
6.7371264e-05
6.566146e-05
0.00020341536
6.409477e-05
8.650591e-05
0.00021041928
6.409477e-05
6.409477e-05
6.409477e-05
0.00077411893
6.409477e-05
8.52837e-05
8.531062e-05
0.00012894526
6.409477e-05
0.00015257487
6.409477e-05
6.409477e-05
8.245029e-05
9.049449e-05
6.409477e-05
6.409477e-05
0.0001015627
6.409477e-05
6.409477e-05
6.409477e-05
0.00012048432
6.409477e-05
0.00069718575
0.00019694451
6.409477e-05
6.409477e-05
0.0001308454
8.91586e-05
8.288829e-05
6.409477e-05
6.409477e-05
0.000116502895
6.409477e-05
6.409477e-05
6.409477e-05
6.409477e-05
6.409477e-05
0.00012852409
0.00012828471
9.8656645e-05
6.409477e-05
6.409477e-05
6.454713e-05
6.664518e-05
6.409477e-05
6.409477e-05
6.409477e-05
0.002246251
9.1779126e-05
0.002368294
6.409477e-05
0.0006410164
7.860516e-05
6.409477e-05
6.803691e-05
0.00033879254
7.623293e-05
0.00014442296
0.00012710592
0.0001647904
6.887917e-05
6.409477e-05
9.2013885e-05
8.93415e-05
0.00094304903
8.922205e-05
6.409477e-05
6.409477e-05
6.9366615e-05
0.00021179182
6.409477e-05
6.409477e-05
6.409477e-05
0.00016189492
0.00010761893
6.409477e-05
6.409477e-05
0.00015947293
6.713231e-05
6.409477e-05
0.0001073208
6.409477e-05
6.409477e-05
0.000106454645
6.409477e-05
0.00015767061
6.409477e-05
0.00026843834
8.14049e-05
7.649771e-05
7.2509174e-05
0.0029775822
6.409477e-05
0.00021794136
6.409477e-05
7.229391e-05
7.117697e-05
0.00010918149
0.00013163705
6.409477e-05
6.409477e-05
6.409477e-05
0.00012546248
0.00016117777
8.44387e-05
6.409477e-05
0.00012593795
6.409477e-05
6.409477e-05
6.409477e-05
9.422304e-05
6.409477e-05
6.409477e-05
8.573765e-05
6.409477e-05
0.0001047843
6.409477e-05
7.770139e-05
6.409477e-05
6.409477e-05
6.626053e-05
6.409477e-05
7.185225e-05
8.737e-05
0.00011647279
6.409477e-05
0.0001896778
0.000142377
0.00024239226
0.00010393148
7.449114e-05
6.409477e-05
6.409477e-05
6.409477e-05
6.409477e-05
6.409477e-05
9.384222e-05
6.409477e-05
0.000107118874
6.714287e-05
6.409477e-05
0.00030986636
0.0001284077
6.409477e-05
0.0023775739
6.409477e-05
6.409477e-05
7.382998e-05
0.00012755602
6.409477e-05
0.00010375166
0.00010221239
6.409477e-05
6.409477e-05
0.00031988174
0.0007581352
6.409477e-05
0.00013715898
0.000996565
6.409477e-05
6.409477e-05
0.00048665766
6.409477e-05
6.409477e-05
6.409477e-05
6.756434e-05
6.409477e-05
6.409477e-05
6.7476714e-05
0.00018792675
0.00017967251
0.00023591956
6.409477e-05
6.409477e-05
6.409477e-05
0.00014452753
6.409477e-05
0.00013273832
6.409477e-05
0.00025868454
6.409477e-05
6.409477e-05
8.887161e-05
0.0012938337
6.409477e-05
6.409477e-05
6.409477e-05
6.409477e-05
0.00011314004
6.409477e-05
0.0004977375
9.821388e-05
0.00012628309
6.409477e-05
8.736151e-05
0.00040646206
6.409477e-05
6.409477e-05
6.409477e-05
0.00012061145
6.409477e-05
6.409477e-05
6.409477e-05
6.409477e-05
7.864753e-05
8.490029e-05
6.409477e-05
8.4723186e-05
0.00010126426
0.00015960817
6.409477e-05
6.409477e-05
7.953244e-05
0.000110107714
0.0001056119
6.409477e-05
6.409477e-05
6.409477e-05
0.0001464655
0.00010395726
6.409477e-05
6.409477e-05
0.00018482315
0.0001869258
0.00011450675
0.00015870536
6.924441e-05
0.00017378772
0.000120805176
6.409477e-05
0.00019973122
7.4286545e-05
9.0959256e-05
6.409477e-05
6.409477e-05
6.409477e-05
6.409477e-05
6.63166e-05
0.00029870993
8.914432e-05
6.409477e-05
6.409477e-05
8.060932e-05
0.00046703944
6.409477e-05
0.00030343476
0.00016895552
6.92779e-05
6.409477e-05
0.0003801126
6.409477e-05
6.409477e-05
6.409477e-05
6.409477e-05
0.00013904959
0.00012914806
6.409477e-05
6.409477e-05
0.000162697
0.0002192235
6.409477e-05
6.409477e-05
6.409477e-05
7.532158e-05
6.409477e-05
6.409477e-05
6.409477e-05
7.921823e-05
6.409477e-05
6.409477e-05
6.409477e-05
6.409477e-05
6.409477e-05
6.409477e-05
8.8076704e-05
0.00023716717
0.00011522263
0.00022055271
0.00023148439
6.409477e-05
0.0002470154
6.409477e-05
6.409477e-05
7.50311e-05
9.532679e-05
0.00040006515
6.4780346e-05
0.0004893704
0.00013170183
6.409477e-05
0.00015188639
0.00013138086
6.409477e-05
6.409477e-05
6.409477e-05
6.409477e-05
0.000121398145
6.7390414e-05
0.00028777393
6.409477e-05
6.409477e-05
6.409477e-05
6.409477e-05
6.409477e-05
8.439539e-05
6.409477e-05
6.409477e-05
6.409477e-05
0.00017750378
6.409477e-05
0.00010538836
6.409477e-05
6.409477e-05
6.409477e-05
6.9680005e-05
6.409477e-05
0.00014044998
0.00011741844
6.409477e-05
6.409477e-05
6.409477e-05
6.409477e-05
6.409477e-05
7.7542245e-05
8.861342e-05
0.00012767685
0.00016944954
6.409477e-05
6.409477e-05
6.409477e-05
6.409477e-05
8.462839e-05
6.409477e-05
0.00037187096
7.267441e-05
0.00010097634
6.409477e-05
6.409477e-05
6.409477e-05
0.00042097393
6.409477e-05
7.1141134e-05
0.00011446482
9.670612e-05
7.945139e-05
0.0006475448
7.797878e-05
7.5784126e-05
7.080086e-05
6.409477e-05
6.9166475e-05
9.153763e-05
6.409477e-05
6.409477e-05
6.409477e-05
6.409477e-05
6.409477e-05
6.9529e-05
0.00033887572
0.0001495672
6.409477e-05
6.409477e-05
6.409477e-05
6.409477e-05
6.409477e-05
9.014739e-05
6.409477e-05
0.00020526059
6.409477e-05
0.00014870924
0.000102334794
0.00023779937
0.00010138117
0.00013651897
0.00022005028
6.409477e-05
6.409477e-05
0.000105718704
6.409477e-05
6.409477e-05
8.849317e-05
6.409477e-05
6.409477e-05
7.8306875e-05
0.000108536355
7.442801e-05
6.409477e-05
0.00019546511
9.124994e-05
0.00018371658
0.0020912667
6.409477e-05
6.409477e-05
0.00010174067
7.2189876e-05
7.397445e-05
6.409477e-05
6.409477e-05
6.409477e-05
6.409477e-05
6.5876266e-05
6.409477e-05
0.0002253538
6.409477e-05
6.409477e-05
6.409477e-05
0.0006633697
9.632693e-05
0.00030678746
6.409477e-05
6.409477e-05
6.409477e-05
6.409477e-05
6.409477e-05
6.409477e-05
9.083461e-05
6.409477e-05
6.409477e-05
6.409477e-05
6.409477e-05
6.409477e-05
0.00018877171
0.00023801328
9.32355e-05
6.409477e-05
6.956932e-05
6.409477e-05
6.409477e-05
6.409477e-05
6.409477e-05
0.0003950954
0.00046057563
7.360019e-05
6.409477e-05
0.00021966269
7.4256306e-05
0.00042456112
6.409477e-05
6.409477e-05
6.409477e-05
0.000101553975
0.00015122669
0.00015130517
6.409477e-05
0.0001880601
6.409477e-05
6.409477e-05
6.409477e-05
9.938986e-05
9.152724e-05
6.409477e-05
6.409477e-05
0.00035357845
6.409477e-05
0.00016071752
0.00010357423
0.00015101113
0.0002608372
9.5928364e-05
6.409477e-05
6.409477e-05
0.0001324022
6.409477e-05
6.409477e-05
0.00017973779
6.729184e-05
8.208917e-05
6.409477e-05
0.00011911442
0.00020139897
6.409477e-05
0.00015202376
6.409477e-05
6.409477e-05
7.8311656e-05
7.155652e-05
0.00030974494
6.409477e-05
6.409477e-05
9.859251e-05
6.409477e-05
7.989106e-05
6.409477e-05
8.786731e-05
6.409477e-05
6.773911e-05
6.409477e-05
6.409477e-05
6.409477e-05
6.409477e-05
6.409477e-05
0.00013109254
6.409477e-05
6.409477e-05
6.409477e-05
6.409477e-05
0.00022977189
7.4537966e-05
6.446944e-05
6.409477e-05
9.5573814e-05
6.409477e-05
6.409477e-05
8.4312465e-05
0.00012485738
8.293493e-05
0.000135372
6.409477e-05
8.9556364e-05
6.409477e-05
0.000108332344
0.00015354849
6.409477e-05
7.141643e-05
6.409477e-05
0.00024087266
6.409477e-05
6.409477e-05
6.409477e-05
0.00017053081
8.893578e-05
9.053438e-05
6.409477e-05
0.00012371468
0.00016433425
6.669553e-05
6.409477e-05
7.9594494e-05
6.409477e-05
6.758915e-05
7.337454e-05
0.0001320188
6.409477e-05
6.409477e-05
8.507495e-05
0.0015911822
6.409477e-05
6.409477e-05
7.398545e-05
6.409477e-05
6.409477e-05
6.409477e-05
6.658667e-05
6.409477e-05
0.00035440375
0.0016653911
6.409477e-05
0.003287433
6.409477e-05
6.409477e-05
6.409477e-05
7.648495e-05
0.00010047563
6.409477e-05
0.00017947286
6.409477e-05
8.3526866e-05
6.409477e-05
8.024158e-05
6.409477e-05
0.0001147703
0.0003051589
8.0458194e-05
8.220777e-05
0.0001695402
7.700734e-05
6.409477e-05
6.409477e-05
6.465993e-05
7.16213e-05
0.00023340364
0.0005347672
9.779903e-05
7.014301e-05
6.409477e-05
0.0003941155
8.445876e-05
6.409477e-05
6.409477e-05
0.00028332038
6.409477e-05
0.00011300732
0.00016389733
8.769931e-05
6.409477e-05
6.409477e-05
6.409477e-05
9.507759e-05
6.773239e-05
6.409477e-05
6.409477e-05
0.00010422118
6.409477e-05
6.7554996e-05
6.9507456e-05
6.409477e-05
0.0001030801
6.409477e-05
6.409477e-05
6.409477e-05
8.606908e-05
6.409477e-05
6.409477e-05
8.5284344e-05
6.409477e-05
6.409477e-05
6.409477e-05
6.409477e-05
6.409477e-05
6.409477e-05
0.00017282317
6.409477e-05
6.409477e-05
6.409477e-05
7.063408e-05
6.409477e-05
6.409477e-05
6.409477e-05
6.409477e-05
6.409477e-05
6.409477e-05
6.409477e-05
6.409477e-05
6.409477e-05
0.0008346014
6.409477e-05
6.409477e-05
7.586416e-05
6.409477e-05
8.602838e-05
0.00020053975
0.000104235995
0.000118342636
8.140668e-05
7.2868934e-05
7.0159535e-05
7.058533e-05
7.9843754e-05
6.409477e-05
6.409477e-05
0.000116845666
6.409477e-05
0.00015098622
6.409477e-05
6.409477e-05
6.409477e-05
7.987354e-05
0.00018955613
7.1528004e-05
6.409477e-05
6.409477e-05
7.246735e-05
7.167303e-05
9.377978e-05
6.409477e-05
6.409477e-05
9.214596e-05
6.409477e-05
0.00042096566
0.000133716
0.00013559122
6.409477e-05
6.409477e-05
0.00022924886
6.46756e-05
6.952787e-05
0.0002381338
6.409477e-05
0.000109761684
0.00010415213
6.409477e-05
0.00018568036
6.698753e-05
6.409477e-05
0.000105072766
6.409477e-05
0.00081335806
9.846848e-05
0.0001593293
6.409477e-05
0.00023006188
6.409477e-05
6.409477e-05
0.0001931583
0.00013776495
9.122001e-05
6.409477e-05
6.409477e-05
6.409477e-05
0.00013109291
6.409477e-05
6.409477e-05
9.2918905e-05
6.409477e-05
6.409477e-05
6.409477e-05
6.409477e-05
6.409477e-05
0.00013446437
7.673779e-05
0.00025012452
0.0002581841
6.409477e-05
6.409477e-05
6.409477e-05
6.409477e-05
0.00013264723
6.409477e-05
8.657598e-05
0.00012977268
6.409477e-05
0.00026132382
7.836014e-05
6.920679e-05
6.409477e-05
0.00013070971
0.0002587536
6.773949e-05
6.409477e-05
8.730612e-05
6.409477e-05
0.00010922606
7.504068e-05
6.409477e-05
6.409477e-05
0.00012312624
6.409477e-05
0.00010539048
7.392171e-05
6.409477e-05
6.409477e-05
0.00032928324
6.5407796e-05
9.913986e-05
8.818167e-05
6.409477e-05
6.887273e-05
6.409477e-05
9.0016394e-05
0.000109266584
6.409477e-05
6.409477e-05
6.409477e-05
8.597171e-05
6.409477e-05
0.0002989125
6.409477e-05
6.409477e-05
6.409477e-05
6.409477e-05
6.409477e-05
6.409477e-05
7.859326e-05
6.409477e-05
6.409477e-05
6.409477e-05
6.409477e-05
6.409477e-05
6.409477e-05
6.409477e-05
6.409477e-05
6.45323e-05
8.621925e-05
9.432373e-05
6.409477e-05
7.2339484e-05
9.622272e-05
0.00013120021
0.00011778636
8.676822e-05
9.257284e-05
0.00027713776
0.0002962219
6.409477e-05
6.409477e-05
6.409477e-05
0.000115668365
0.00014676132
6.409477e-05
0.00014315706
6.409477e-05
6.409477e-05
6.409477e-05
8.3451865e-05
6.409477e-05
6.409477e-05
0.00026254627
7.8159836e-05
0.00015688765
0.00012754483
6.409477e-05
6.409477e-05
6.579709e-05
6.409477e-05
6.409477e-05
7.139504e-05
6.409477e-05
0.00033897752
0.00022585846
8.0294856e-05
8.2530525e-05
8.4659776e-05
0.0009774165
0.00013467674
6.556923e-05
0.00010613122
0.00019597083
9.9578356e-05
7.127396e-05
7.212038e-05
6.409477e-05
6.409477e-05
7.133087e-05
6.409477e-05
6.409477e-05
6.409477e-05
6.409477e-05
6.409477e-05
6.409477e-05
7.06056e-05
6.409477e-05
0.000121874145
8.296364e-05
8.909325e-05
8.576201e-05
6.449766e-05
0.00017092527
0.00015127788
6.409477e-05
7.278309e-05
6.409477e-05
6.409477e-05
6.409477e-05
6.409477e-05
6.5045846e-05
0.00013567944
8.878547e-05
9.5171294e-05
6.409477e-05
6.409477e-05
0.00022824778
0.0004675758
9.223017e-05
6.409477e-05
6.409477e-05
6.409477e-05
6.6898545e-05
0.000104693725
9.629194e-05
0.00032690854
0.0003225684
0.00025919953
6.409477e-05
6.409477e-05
6.409477e-05
6.409477e-05
0.00018575828
6.409477e-05
6.409477e-05
