0.0011540428
0.00041932473
0.0003813745
0.00032161776
0.00032161776
0.00032161776
0.00032161776
0.00034172068
0.00032161776
0.00032161776
0.008007194
0.00032161776
0.00032161776
0.00032161776
0.00032161776
0.00032161776
0.0003472413
0.00032161776
0.00032161776
0.00032161776
0.0007639113
0.00032161776
0.00032161776
0.00032161776
0.00032161776
0.00032161776
0.000498709
0.00032161776
0.00032161776
0.00034554276
0.00037942445
0.00032161776
0.00032161776
0.00035070113
0.00032161776
0.0010062236
0.00032161776
0.00032161776
0.00064837077
0.0011419026
0.00032161776
0.00054774963
0.00032161776
0.00082187605
0.0011784467
0.00049488764
0.0017166465
0.0004518098
0.00032161776
0.00032161776
0.00032161776
0.00039939233
0.00032161776
0.00032161776
0.0003313264
0.00032161776
0.00032161776
0.00032161776
0.00034143348
0.00032161776
0.01748758
0.00032161776
0.00032161776
0.00032161776
0.00032161776
0.0011191763
0.00044080507
0.00032161776
0.00032161776
0.00032161776
0.00032161776
0.00032161776
0.00032161776
0.0006319427
0.0014079002
0.0003360015
0.00032161776
0.00032161776
0.0007431342
0.00032161776
0.00032161776
0.00041029588
0.00032161776
0.00033710385
0.00041820967
0.00032161776
0.00032161776
0.00032161776
0.00032161776
0.00032161776
0.0008353944
0.0003527229
0.00063174573
0.00048089962
0.00032161776
0.0006161429
0.00043039155
0.00032161776
0.00032161776
0.00032161776
0.000776836
0.0010902566
0.0005961307
0.00032161776
0.00032161776
0.00032161776
0.00032161776
0.00032409592
0.00069460226
0.00032161776
0.00032161776
0.0003875174
0.00032161776
0.00032161776
0.0007836483
0.00065576285
0.00032161776
0.00032161776
0.00032161776
0.00032161776
0.0005574984
0.00032161776
0.00032161776
0.00056100165
0.00032161776
0.00032161776
0.00032161776
0.00032161776
0.00032161776
0.00032161776
0.00032161776
0.0018332783
0.00046857947
0.00032161776
0.00032161776
0.00035127124
0.00036316982
0.00032161776
0.00032161776
0.00032161776
0.00035799446
0.00034731338
0.0004103322
0.00032161776
0.0004762347
0.00032161776
0.00046293694
0.00032161776
0.00032161776
0.00032161776
0.00032161776
0.00032161776
0.0007423344
0.00032161776
0.00032161776
0.0003622756
0.016803518
0.00032161776
0.000647703
0.00032161776
0.00032161776
0.00032161776
0.00040470177
0.00032161776
0.00032161776
0.00032161776
0.00032161776
0.00032161776
0.00032161776
0.00047457204
0.0019216876
0.00044699843
0.00032161776
0.00032161776
0.0006032914
0.00032161776
0.00080381177
0.00032161776
0.00032161776
0.00032161776
0.00032161776
0.00032161776
0.00037036728
0.00032161776
0.00032161776
0.0005603854
0.00032161776
0.00032161776
0.00032161776
0.00032161776
0.0008099062
0.00032161776
0.00040080582
0.00032161776
0.00042268986
0.0014790384
0.00032161776
0.0027797346
0.00032161776
0.00032161776
0.00033564842
0.00032161776
0.00032161776
0.00032161776
0.00032161776
0.0003595431
0.0016686494
0.00079190964
0.00032161776
0.00032161776
0.00032161776
0.00037036743
0.0003850282
0.00032161776
0.00032161776
0.00032161776
0.00032161776
0.00074894633
0.00032161776
0.00033705507
0.0004911831
0.00032161776
0.00043289934
0.00044307674
0.00032161776
0.00032161776
0.00032161776
0.00032161776
0.00032161776
0.00032161776
0.00032161776
0.00032161776
0.0011702958
0.00032161776
0.00032161776
0.0048593455
0.00032161776
0.0007180804
0.00064039225
0.0006057126
0.00073014986
0.00063614495
0.00042868743
0.00032161776
0.00032161776
0.00032161776
0.00032161776
0.00032161776
0.00032161776
0.00032161776
0.00032161776
0.00032161776
0.00045535504
0.0022030354
0.00032161776
0.00032161776
0.00032161776
0.0010330422
0.00032161776
0.00032161776
0.00046542045
0.00045883787
0.0004387711
0.00084778666
0.00036218204
0.0003900108
0.0004776366
0.00032161776
0.00032161776
0.00034695375
0.00033528873
0.00032161776
0.00032161776
0.00032161776
0.00032161776
0.00032161776
0.00032161776
0.00032161776
0.0012694744
0.00033391302
0.00032161776
0.00048430395
0.00032161776
0.00032161776
0.00032161776
0.00032161776
0.0017480757
0.00032161776
0.00032161776
0.0003588797
0.00032161776
0.00032161776
0.00032161776
0.00032161776
0.00032161776
0.0028135509
0.00032161776
0.00032161776
0.00032161776
0.00032161776
0.00034315928
0.00046393156
0.00032161776
0.0003507172
0.0004662718
0.0005394709
0.00032161776
0.00039569556
0.00032161776
0.0003730198
0.00032161776
0.00032161776
0.00048748511
0.0011569875
0.0004646507
0.00032161776
0.0018051796
0.00032161776
0.0009528043
0.0004942809
0.00032161776
0.00043174133
0.00038727242
0.00032161776
0.00032161776
0.0005019955
0.00032161776
0.0018262189
0.00032161776
0.0003336829
0.00032161776
0.00032161776
0.00032161776
0.00032161776
0.0005304531
0.00032161776
0.00032161776
0.00051724294
0.00032161776
0.00032161776
0.00032161776
0.00035056367
0.00032750898
0.00032161776
0.00032161776
0.0003370324
0.00032161776
0.00032161776
0.00032161776
0.00032161776
0.00032161776
0.0042995815
0.00032161776
0.0003547514
0.000404026
0.00032161776
0.00032161776
0.00032161776
0.00032161776
0.00032161776
0.002587902
0.00032161776
0.00032161776
0.00032161776
0.0007771924
0.00032161776
0.00032161776
0.00034666105
0.0005013869
0.0017583027
0.0016267478
0.00032161776
0.00032161776
0.0005582708
0.00032161776
0.00039251396
0.00032161776
0.00032161776
0.0003603185
0.00032161776
0.00032161776
0.00032161776
0.00032161776
0.00032161776
0.00032161776
0.0033093386
0.00064827455
0.00032161776
0.00032161776
0.00032161776
0.00052710116
0.00032161776
0.00032161776
0.00032161776
0.0003833196
0.0005258815
0.00057439
0.00032161776
0.00032161776
0.00032161776
0.0005141567
0.0012556752
0.00032161776
0.00038094897
0.00032161776
0.00032161776
0.00032161776
0.00040338325
0.00032161776
0.00032161776
0.00032161776
0.00032161776
0.00032161776
0.00033552616
0.00032161776
0.00032161776
0.00032161776
0.00032161776
0.00032161776
0.00032161776
0.00032161776
0.00037905268
0.00032161776
0.00032161776
0.00037906552
0.00032161776
0.0005994512
0.00032161776
0.00032161776
0.00032161776
0.0011865617
0.00032553854
0.00032161776
0.00032161776
0.0004806499
0.00032161776
0.0011477714
0.00032866004
0.0004214726
0.00032161776
0.00037972108
0.0012172476
0.00032161776
0.00032161776
0.00051335414
0.00032161776
0.00034460137
0.00032161776
0.00048075445
0.00032161776
0.00032161776
0.00062995177
0.00032161776
0.0011592989
0.00032161776
0.00037692196
0.00032161776
0.00032161776
0.00032161776
0.00032161776
0.00032161776
0.00032161776
0.0008793089
0.00032161776
0.00032161776
0.00032161776
0.00032161776
0.00032161776
0.00057237054
0.00032161776
0.00032161776
0.0007315996
0.00047098167
0.000466645
0.00032161776
0.00032161776
0.00042847858
0.00032161776
0.0022300575
0.00032161776
0.00032540734
0.00032161776
0.0003601926
0.00032161776
0.00053710607
0.00032161776
0.00032161776
0.00032161776
0.00032161776
0.00032700386
0.0006788144
0.0008022539
0.00032161776
0.00032161776
0.0005166774
0.00038290882
0.0003503453
0.00032161776
0.00032161776
0.00065647386
0.00032161776
0.00032161776
0.00040661462
0.00032161776
0.00032161776
0.00032161776
0.00032161776
0.00032161776
0.00032161776
0.00032161776
0.0016975139
0.00032161776
0.00032161776
0.0005811484
0.001601715
0.00032161776
0.0003608982
0.00032161776
0.00032161776
0.00048206266
0.0005245063
0.00034058545
0.00032161776
0.00044476448
0.00032161776
0.00032161776
0.00034660718
0.00033975768
0.00032161776
0.0004718353
0.0012044052
0.0014166181
0.00032161776
0.00032161776
0.00032161776
0.00032161776
0.00032452898
0.00032161776
0.00032161776
0.0007401845
0.00032161776
0.00032161776
0.00032161776
0.0008790451
0.00032693334
0.00032161776
0.00041065575
0.00034808787
0.00038059312
0.00032161776
0.00032161776
0.00032161776
0.00032161776
0.00032161776
0.0005887447
0.00032161776
0.0005375906
0.00032161776
0.00038616595
0.00032161776
0.00032161776
0.00032161776
0.00038490814
0.00032161776
0.00033686307
0.000541157
0.00032161776
0.00032161776
0.00032161776
0.00032161776
0.0005383902
0.00032221078
0.00032161776
0.00043896842
0.0051432503
0.00032161776
0.00032161776
0.00032161776
0.00032161776
0.0007764792
0.00032161776
0.00032161776
0.00071981986
0.00032161776
0.0006645619
0.00040511542
0.0003797184
0.00032161776
0.0005193293
0.0008365034
0.00032161776
0.0007355512
0.00032161776
0.00032161776
0.00032161776
0.00040656232
0.00032161776
0.0016324111
0.00032161776
0.00060162967
0.00032161776
0.0004869286
0.00042909957
0.00032161776
0.0014844387
0.00038840363
0.00032161776
0.00032161776
0.00043383756
0.00032161776
0.00036223535
0.00032161776
0.00039439803
0.00036843552
0.00032161776
0.00032161776
0.00032161776
0.00032161776
0.00061711605
0.00032161776
0.00032161776
0.00038436786
0.00032161776
0.00087331847
0.00041314118
0.0010124227
0.00055888074
0.00032161776
0.00032161776
0.00032161776
0.00032161776
0.00074471347
0.00032161776
0.00032161776
0.00032161776
0.00032161776
0.00032161776
0.00032161776
0.00032161776
0.00032161776
0.00066892017
0.00032161776
0.00032161776
0.00032161776
0.000902028
0.00046729844
0.00032161776
0.00032161776
0.0009276752
0.0003765547
0.00032161776
0.00032161776
0.00032161776
0.000390357
0.0003268578
0.00039252802
0.00032161776
0.00032161776
0.00035708246
0.00032161776
0.00032161776
0.00032161776
0.00032161776
0.0003935593
0.00043258842
0.00032161776
0.00032161776
0.00032161776
0.00032161776
0.00032161776
0.00032161776
0.00032161776
0.00032161776
0.00032161776
0.00032161776
0.00032161776
0.0016206858
0.0006075522
0.00032161776
0.00032161776
0.00032161776
0.0003854664
0.00032161776
0.00032161776
0.00032161776
0.00032161776
0.0004991154
0.00060852803
0.0003911906
0.00032161776
0.0004500984
0.00032161776
0.0003801498
0.00032161776
0.00036656795
0.00032161776
0.00049206865
0.00032161776
0.00040023378
0.000504602
0.00032161776
0.00032161776
0.00032161776
0.0008897419
0.0005781117
0.0003958995
0.00032161776
0.00078125484
0.00041849783
0.0006836804
0.00032161776
0.00032161776
0.00034828854
0.00042702394
0.00032161776
0.00032161776
0.00051979354
0.00032161776
0.00032161776
0.000593167
0.00032161776
0.00032161776
0.00032161776
0.0005085773
0.00033725705
0.00032161776
0.0016015895
0.0003232739
0.00032161776
0.00032161776
0.00032161776
0.00032161776
0.00032161776
0.00032161776
0.00032161776
0.00032161776
0.0010971482
0.00032161776
0.0008453611
0.00051850406
0.00032161776
0.00032161776
0.00032161776
0.00074711995
0.00032161776
0.00032161776
0.00032161776
0.0005350317
0.0007921737
0.00032161776
0.000514108
0.00032370476
0.00032161776
0.00032161776
0.00032547605
0.00032161776
0.00032161776
0.00032161776
0.00032161776
0.00051287806
0.00032161776
0.00032161776
0.00032161776
0.0012809782
0.00032161776
0.00032161776
0.00032161776
0.00032161776
0.00032161776
0.00032161776
0.00032161776
0.00082716864
0.00032240732
0.00032161776
0.00032161776
0.00052628876
0.00047595045
0.0014097868
0.00032161776
0.00032161776
0.00033414693
0.0007374263
0.00049759157
0.00032161776
0.00032161776
0.00032161776
0.00032161776
0.0005137891
0.00032161776
0.00032161776
0.00054767303
0.00032161776
0.0008109757
0.00032161776
0.00032161776
0.00032161776
0.00072484487
0.00032161776
0.00050851505
0.00032161776
0.00032161776
0.00032161776
0.00032161776
0.00032161776
0.00032161776
0.00032161776
0.00032161776
0.00032307455
0.00032161776
0.00032161776
0.0005303521
0.00049365446
0.0006079415
0.0004698698
0.0004221337
0.00032161776
0.00032161776
0.00032161776
0.00032161776
0.00032161776
0.00032161776
0.00032161776
0.00032161776
0.00032161776
0.00032161776
0.00032161776
0.000992443
0.00032161776
0.00032161776
0.00032161776
0.00032161776
0.00063613773
0.00032161776
0.0013248743
0.00032161776
0.0005079464
0.00037837555
0.00032161776
0.0005594389
0.00114437
0.00032161776
0.00032161776
0.00032161776
0.00032161776
0.00032161776
0.0007173226
0.0005690255
0.00032161776
0.00032161776
0.00032161776
0.00032161776
0.00032161776
0.0004890327
0.00032923953
0.00032161776
0.0009740442
0.00032161776
0.00032161776
0.0004223543
0.00032161776
0.00032161776
0.00032161776
0.0014751265
0.00037076932
0.00032161776
0.00032161776
0.00032161776
0.00032161776
0.00032161776
0.00032161776
0.00044157958
0.00041178087
0.00039284353
0.00032161776
0.00032161776
0.00032161776
0.00032161776
0.00032161776
0.00032161776
0.00065508095
0.00032161776
0.00038558643
0.00032161776
0.0006406852
0.00032161776
0.00032161776
0.00038293528
0.00032161776
0.00032161776
0.00032161776
0.00032161776
0.00032161776
0.00032161776
0.00032161776
0.00032161776
0.00086896704
0.00035275682
0.00032161776
0.00032713645
0.00032161776
0.00032161776
0.00032161776
0.0010872233
0.0009548988
0.00032161776
0.00032161776
0.00032161776
0.00047298567
0.00032161776
0.00039267066
0.00037085253
0.00032161776
0.00032161776
0.00032161776
0.00032161776
0.00032161776
0.00032161776
0.00032161776
0.00032161776
0.00032280973
0.00032161776
0.00032161776
0.00032161776
0.0025519396
0.00032161776
0.00032161776
0.00032161776
0.00048403814
0.0003743346
0.00032161776
0.00039850874
0.00032161776
0.00032161776
0.00032161776
0.00032161776
0.00032161776
0.00032161776
0.00035391867
0.00032161776
0.00032161776
0.0004568202
0.00032161776
0.00033154397
0.00032161776
0.00032161776
0.00033889408
0.00039086374
0.00032161776
0.00032161776
0.00032161776
0.00032161776
0.00032161776
0.00032161776
0.00776594
0.0008637978
0.00032161776
0.00032161776
0.00032161776
0.00032161776
0.00068397616
0.0004919805
0.00032161776
0.00040884266
0.00065129454
0.00032161776
0.00032161776
0.00032161776
0.00032161776
0.00032161776
0.00032161776
0.00061406574
0.00032161776
0.0003243132
0.00039284825
0.00032161776
0.00032161776
0.00042972306
0.00032161776
0.00038047312
0.0003685368
0.00041781392
0.00032161776
0.0003339829
0.0003452011
0.00032161776
0.00032161776
0.0004960559
0.00032161776
0.00032161776
0.00032161776
0.00032161776
0.00032161776
0.00032161776
0.00035880928
0.00032161776
0.00038773415
0.00032161776
0.00035725787
0.00041190893
0.00037847468
0.0005058037
0.00036507504
0.00032161776
0.00032161776
0.0008028431
0.00032161776
0.0009205897
0.00032161776
0.00032161776
0.00032161776
0.00032161776
0.0003602116
0.00032161776
0.00032161776
0.00032161776
0.00032161776
0.00032161776
0.00039648314
0.00064947485
0.00032161776
0.00035197803
0.00032161776
0.00032161776
0.00043601706
0.00076625595
0.0017795401
0.00032161776
0.00032161776
0.00032161776
0.00032161776
0.00035534202
0.00032161776
0.00032161776
0.00035608225
0.00032161776
0.00032161776
0.00032161776
0.00032161776
0.00032161776
0.0017963583
0.00032161776
0.000484449
0.00032161776
0.00032161776
0.0012356207
0.00032161776
0.00032161776
0.0005050331
0.00032161776
0.0003958024
0.00032161776
0.00032161776
0.00056886405
0.00032161776
0.0006911015
0.00032161776
0.00032161776
0.0004365257
0.00032161776
0.00032161776
0.00032161776
0.000611385
0.00032161776
0.00060167233
0.00032161776
0.00032565405
0.00032161776
0.00035587943
0.00032161776
0.00032161776
0.000457796
0.00032161776
0.00054008915
0.00032161776
0.00032161776
0.00044420443
0.00032161776
0.00032161776
0.00032161776
0.0005000461
0.00049060414
0.00032161776
0.00032161776
0.00032161776
0.000434874
0.00046530657
0.00032161776
0.00037820797
0.00032161776
0.0004359797
0.00041084294
0.0067024943
0.00032161776
0.0005204324
0.00032161776
0.00032161776
0.00046138154
0.00032161776
0.0011383306
0.00062572176
0.00055504846
0.00032161776
0.00032161776
0.00032161776
0.00032161776
0.00032161776
0.00032161776
0.00032161776
0.00062904635
0.00032161776
0.00032161776
0.00032161776
0.00032161776
0.00032161776
0.0003479309
0.00032161776
0.0003381283
0.00040480532
0.00032161776
0.000346869
0.00032161776
0.0011044064
0.00050787773
0.0004287305
0.00032161776
0.00036681964
0.00032161776
0.00032161776
0.0004547893
0.00032161776
0.00032161776
0.00032161776
0.00032161776
0.00045878894
0.00032161776
0.00032161776
0.00044093127
0.00032161776
0.00032161776
0.00032161776
0.00061538763
0.00047785588
0.0007520166
0.0003953864
0.00043061236
0.00085707306
0.00074482715
0.00038182214
0.00032161776
0.0010011079
0.00032161776
0.00032161776
0.00032161776
0.00032161776
0.00032161776
0.00032161776
0.00048856536
0.00032161776
0.00032161776
0.0007750583
0.00032161776
0.00032161776
0.00047705494
0.0005664435
0.0012692098
0.00032161776
0.0015563354
0.00032161776
0.0010521103
0.00032161776
0.00032161776
0.00032161776
0.00032161776
0.00032161776
0.00032161776
0.00032161776
0.00032161776
0.00032161776
0.00038732422
0.00032161776
0.0011432328
0.00032161776
0.00032161776
0.00032161776
0.00032161776
0.00032161776
0.0005001295
0.00032866895
0.0003571813
0.00032161776
0.00032161776
0.00049732864
0.00032161776
0.00042071473
0.00032161776
0.00032161776
0.00032161776
0.00032161776
0.008848635
0.00034039502
0.0013001692
0.00032161776
0.00032161776
0.0013323651
0.00042163118
0.00032161776
0.00032161776
0.00032161776
0.00032161776
0.00038270498
0.00036122568
0.0004942916
0.00039645328
0.00046253178
0.00032161776
0.0003762266
0.00032161776
0.00047600732
0.0005124595
0.0004620039
0.00039048787
0.00032161776
0.00032161776
0.00032161776
0.00032161776
0.00035273502
0.00032161776
0.00032161776
0.00032161776
0.00032161776
0.00032161776
0.00032161776
0.0004444552
0.0011406206
0.00090875314
0.00032161776
0.00032161776
0.00032161776
0.0005481083
0.00032161776
0.0018123741
0.00036383537
0.00032161776
0.00035034784
0.0004984397
0.0004713947
0.00032161776
0.00032161776
0.00094713294
0.00032161776
0.0007934738
0.00073956884
0.00032161776
0.00032161776
0.0006904632
0.00032161776
0.00033474993
0.0010322508
0.00032161776
0.00032161776
0.00032161776
0.00032161776
0.00097475894
0.00032161776
0.00032161776
0.0006933143
0.00060812436
0.001512026
0.00053953636
0.0005935891
0.00032161776
0.00032161776
0.00032161776
0.00035016597
0.00032161776
0.00032161776
0.00032161776
0.00032161776
0.0007266795
0.0006180647
0.00032161776
0.00032161776
0.00032161776
0.00080866745
0.00032161776
0.00032161776
0.0015504841
0.00032161776
0.00032161776
0.00032161776
0.00032161776
0.00032161776
0.00032161776
0.00032161776
0.0003760179
0.00032161776
0.0004299884
0.0005267796
0.00032161776
0.00032161776
0.00032161776
0.00032161776
0.0003599293
0.00032161776
0.00032161776
0.00037537445
0.00032161776
0.00042055186
0.00032161776
0.00032161776
0.00032161776
0.00032161776
0.00032161776
0.0006529791
0.00032161776
0.00032161776
0.00032161776
0.00032161776
0.00033039018
0.00032161776
0.00032161776
0.0066708853
0.00032161776
0.00032161776
0.0023167396
0.0011078924
0.00032161776
0.00032161776
0.00032161776
0.00035380168
0.00032161776
0.00048246083
0.00032161776
0.000705776
0.00032161776
0.00032161776
0.00033427554
0.00032161776
0.00032161776
0.0004185522
0.00032161776
0.00032161776
0.0020235933
0.00063772
0.00032161776
0.00032161776
0.00032161776
0.00033281682
0.00032161776
0.0005282354
0.00034700354
0.00032161776
0.0004834342
0.00032161776
0.00032161776
0.00032161776
0.0003780479
0.0003827728
0.00032161776
0.00032161776
0.00032161776
0.00033496597
0.0009066791
0.00032161776
0.00032161776
0.00032161776
0.00032161776
0.00032161776
0.00032161776
0.00032161776
0.00032161776
0.0008564484
0.00032161776
0.00032161776
0.00036601888
0.00032161776
0.00032161776
0.00032161776
0.0006050461
0.00048509883
0.00032161776
0.00032161776
0.00032161776
0.00032161776
0.00032161776
0.0003396773
0.0028601189
0.00032161776
0.00032161776
0.00032161776
0.00057813694
0.00032161776
0.00032161776
0.00032161776
0.00032161776
0.00032161776
0.00032161776
0.00036193492
0.00032161776
0.00032161776
0.00032161776
0.00032161776
0.00034313326
0.00058119843
0.00032161776
0.00032161776
0.00032161776
0.0004967505
0.00049326866
0.00033150162
0.00066368893
0.00045534014
0.00032161776
0.00032161776
0.00032161776
0.0005855531
0.00032161776
0.0005153382
0.000558832
0.00032161776
0.00032161776
0.00036022995
0.00032161776
0.00032161776
0.00033527883
0.00032161776
0.00032161776
0.00044684796
0.00032161776
0.00032161776
0.00032161776
0.0015960756
0.00032161776
0.00032161776
0.00032161776
0.0004079738
0.00032161776
0.0005676118
0.00032999145
0.00032161776
0.00040754038
0.00032161776
0.00050189305
0.00032161776
0.00039796936
0.00032161776
0.0008604662
0.00033740024
0.00032161776
0.00038938844
0.00032161776
0.00097333634
0.0012079938
0.00033920884
0.00052671786
0.00034917242
0.00038295003
0.00032161776
0.00032161776
0.00032161776
0.0003466298
0.00032161776
0.0003967782
0.00032161776
0.0006807881
0.00032161776
0.00032161776
0.00032161776
0.00087144185
0.00032161776
0.00032161776
0.0007556888
0.00032161776
0.0006812716
0.00032161776
0.0011193987
0.00032161776
0.0006853964
0.00032161776
0.00062586385
0.00032161776
0.00032161776
0.00032161776
0.00032161776
0.00032161776
0.0008010112
0.00032161776
0.00032161776
0.00032161776
0.00032161776
0.0004136759
0.00032161776
0.00032161776
0.00032161776
0.0010588929
0.00032161776
0.00032161776
0.00032161776
0.00032161776
0.0006543609
0.00032161776
0.00052718626
0.0004958091
0.00032161776
0.00047142908
0.0008645956
0.00032161776
0.00032161776
0.00032161776
0.00032161776
0.00032161776
0.00032161776
0.00032161776
0.0010416424
0.0004501826
0.003621429
0.0004908602
0.00048006323
0.0011846683
0.00032161776
0.00032161776
0.00040272137
0.00047913063
0.00062298257
0.00032161776
0.00032161776
0.00032161776
0.0007248728
0.00032161776
0.00032161776
0.00032161776
0.00032161776
0.00046464583
0.0003321801
0.00032161776
0.00032161776
0.0003609596
0.002336962
0.0011897519
0.00032161776
0.00032161776
0.00032161776
0.00032161776
0.00032161776
0.00032161776
0.00032161776
0.00032161776
0.00032161776
0.00032161776
0.00032811952
0.00032161776
0.0004002595
0.00032161776
0.00032161776
0.0013189338
0.00032161776
0.00032161776
0.00032161776
0.00039238555
0.00032481682
0.00032161776
0.0012078952
0.00045327283
0.00061137637
0.00032161776
0.00037232952
0.00032161776
0.0005036052
0.000440035
0.00044354855
0.00032161776
0.00032161776
0.00044594903
0.00032161776
0.00032161776
0.00038097866
0.00032161776
0.00034494288
0.0004628446
0.00032161776
0.0011735022
0.00037059138
0.002466135
0.00032161776
0.00032161776
0.0003377175
0.00032161776
0.00032161776
0.0019947968
0.0006023101
0.00062977517
0.00032161776
0.00032161776
0.00041532537
0.0012305883
0.00032161776
0.00032161776
0.00042879462
0.0012445783
0.00036503296
0.00034959565
0.00043648304
0.00032161776
0.00032161776
0.0006345677
0.00032161776
0.00081702624
0.00036481916
0.00032161776
0.00032161776
0.00032161776
0.00032161776
0.0004129981
0.0005349006
0.0007505797
0.00032161776
0.00032161776
0.00038559348
0.00043392726
0.00032161776
0.00032161776
0.0008343036
0.00032161776
0.00043595067
0.00044012093
0.00032161776
0.00032161776
0.00032161776
0.00032161776
0.00032161776
0.00032161776
0.00032161776
0.00032161776
0.00062638446
0.00032161776
0.0020065384
0.00097247964
0.00032161776
0.00034898554
0.00032161776
0.00032161776
0.00032161776
0.00032161776
0.00032161776
0.00048178408
0.0003897317
0.00033528137
0.0004483521
0.00044105118
0.00032161776
0.00032161776
0.00032161776
0.00032161776
0.00032161776
0.0008687211
0.0003393968
0.00045527724
0.00032161776
0.00040258965
0.00032161776
0.00032161776
0.00032161776
0.00070232694
0.0008146641
0.00044882743
0.00032161776
0.00032161776
0.00032161776
0.00074017677
0.00032161776
0.00032161776
0.00039042506
0.00032161776
0.00032161776
0.00032161776
0.00032161776
0.00064739987
0.00032161776
0.00050830084
0.00035483486
0.00032161776
0.00032161776
0.00060849794
0.0005329898
0.0004385611
0.00032161776
0.00032161776
0.00032161776
0.00032161776
0.00032161776
0.0004787844
0.00032161776
0.00032161776
0.00032161776
0.00032161776
0.00036313766
0.0005125668
0.0005462144
0.00037234792
0.00032161776
0.0006438516
0.00071516196
0.00032161776
0.00032161776
0.00034340404
0.00032161776
0.00051976455
0.00032161776
0.00032161776
0.00035865957
0.00032161776
0.00032161776
0.00032161776
0.00032161776
0.00095726486
0.00032765974
0.00032161776
0.00047671862
0.00032161776
0.00043626715
0.0006296637
0.00032161776
0.00041274587
0.00041348962
0.00071239093
0.00032161776
0.0005926795
0.00032161776
0.00032161776
0.00032161776
0.00032161776
0.00032161776
0.00032161776
0.00032161776
0.00032161776
0.0004930426
0.0005013566
0.0003294317
0.0011384544
0.00032161776
0.0003652879
0.00032161776
0.0015389267
0.00032161776
0.00032161776
0.00042096444
0.00032161776
0.00032161776
0.00032161776
0.00081321417
0.00032161776
0.00033031672
0.00032161776
0.00032161776
0.00033481885
0.00054066355
0.0011188716
0.00032161776
0.00032161776
0.00032161776
0.00032161776
0.00069184223
0.00032506403
0.00032161776
0.00032161776
0.00032161776
0.00074087875
0.00037207422
0.00032161776
0.00032161776
0.00043740773
0.00032161776
0.00032161776
0.00050791324
0.00035024903
0.00032161776
0.00032161776
0.00046580602
0.0012751223
0.00032161776
0.0015099975
0.0013359311
0.00032161776
0.00032161776
0.00032161776
0.00032161776
0.00067858194
0.0006823099
0.00032161776
0.00032161776
0.00032161776
0.00032161776
0.00032161776
0.00032161776
0.00037167835
0.00032161776
0.00032161776
0.00032161776
0.00032161776
0.00032161776
0.00032161776
0.00042930953
0.00032161776
0.00032161776
0.000591791
0.0005056566
0.00032161776
0.00036718583
0.00032161776
0.00032161776
0.00032161776
0.00032161776
0.00032161776
0.00032161776
0.00032161776
0.00032161776
0.00032161776
0.00032161776
0.0006637585
0.00032161776
0.00033043695
0.00046063386
0.00032161776
0.00036986393
0.00032161776
0.00032161776
0.00032161776
0.00032161776
0.00032161776
0.00032161776
0.00032161776
0.00032161776
0.0017869034
0.00032161776
0.0004956653
0.00047062116
0.0012281482
0.00032161776
0.00032161776
0.00032161776
0.00032161776
0.00032161776
0.00032161776
0.00032161776
0.00032161776
0.0004595623
0.00032161776
0.00032161776
0.00032161776
0.00032161776
0.00032161776
0.0004669412
0.001156606
0.00032161776
0.00044151282
0.00052073324
0.00032161776
0.0003557642
0.00032161776
0.00032161776
0.00032161776
0.00032161776
0.00032161776
0.00032161776
0.0007322107
0.00032161776
0.00032161776
0.00032161776
0.00032161776
0.00032161776
0.0005046887
0.00033630605
0.00042410675
0.00034480784
0.00032161776
0.00032161776
0.00032161776
0.00032161776
0.00032161776
0.00032161776
0.00039421362
0.00032161776
0.00032161776
0.00032161776
0.00032161776
0.00032161776
0.00037216462
0.00032161776
0.00045895283
0.00032161776
0.00032161776
0.0004155256
0.0003288895
0.00032161776
0.00032161776
0.00035236604
0.00032161776
0.00032161776
0.00032161776
0.00037534884
0.00032161776
0.00032161776
0.00032161776
0.0003912031
0.00040124627
0.00032161776
0.00032161776
0.00032161776
0.00032161776
0.00032161776
0.00032161776
0.00032161776
0.00032161776
0.00032161776
0.00032161776
0.00032161776
0.00032161776
0.0006372856
0.00032161776
0.0008153701
0.00032161776
0.00056468416
0.00032161776
0.00032161776
0.00032161776
0.0003777111
0.00032161776
0.00032161776
0.00032161776
0.00032161776
0.0005234718
0.00032161776
0.0004610018
0.0004229251
0.00032161776
0.0004402198
0.00032161776
0.00036571303
0.00032161776
0.0005449729
0.00050437957
0.00032161776
0.00032161776
0.00032161776
0.00032161776
0.00032930475
0.00032161776
0.00032161776
0.00032161776
0.00032161776
0.00032161776
0.00032161776
0.00032161776
0.0010698691
0.00032161776
0.020787241
0.0007383285
0.00032161776
0.01042973
0.00032161776
0.00032161776
0.00059468957
0.00032161776
0.00032161776
0.00032161776
0.0010297847
0.00040407295
0.00032161776
0.00032161776
0.0003642484
0.0006361879
0.00032161776
0.00032161776
0.00032161776
0.0007817333
0.0004599859
0.00032161776
0.00038163597
0.00032161776
0.00047011746
0.00032161776
0.00032161776
0.00060279167
0.00032161776
0.00032161776
0.0005924781
0.004253593
0.00032161776
0.0005145385
0.0055430033
0.00032161776
0.00032161776
0.0003293229
0.0005766438
0.00036166864
0.0004724353
0.00032161776
0.00041481582
0.00037671885
0.0005027693
