0.00016890638
0.00019266421
0.00046436745
0.00016890638
0.0003229235
0.00016890638
0.00016890638
0.00016890638
0.00016890638
0.00016890638
0.00016890638
0.000348385
0.00023444275
0.00016890638
0.00016890638
0.00020561219
0.00016890638
0.00028788726
0.00016890638
0.00016890638
0.00016890638
0.00016890638
0.00016890638
0.00016890638
0.00016890638
0.00016890638
0.00021554518
0.00016890638
0.00016890638
0.00042789342
0.00016890638
0.00016890638
0.00016890638
0.00016890638
0.00016890638
0.00016890638
0.00028145468
0.00016890638
0.0008281257
0.00030627925
0.00016890638
0.00016890638
0.00016890638
0.00016890638
0.00016890638
0.0013586269
0.00016890638
0.00016890638
0.00018404202
0.00019280407
0.00028059218
0.00016890638
0.00018554479
0.00016890638
0.00016890638
0.00016890638
0.00016890638
0.00019036196
0.00016890638
0.00016890638
0.00016890638
0.00016890638
0.00016890638
0.00016890638
0.00016890638
0.00035200606
0.00016890638
0.00038503815
0.00043252215
0.00016890638
0.00016890638
0.00016890638
0.00031107044
0.00016890638
0.00016890638
0.00016890638
0.00016890638
0.00016890638
0.00016890638
0.00016890638
0.00026721542
0.00016890638
0.00016890638
0.00028216507
0.00018786028
0.00020453072
0.00016890638
0.00016890638
0.00016890638
0.0002708412
0.00021468377
0.00033253772
0.00016890638
0.00016890638
0.00016890638
0.00016890638
0.00016890638
0.00016890638
0.0041137272
0.00016890638
0.00023176952
0.00016890638
0.00016890638
0.00016890638
0.00019709929
0.000667187
0.00016890638
0.00016890638
0.00034445038
0.00016890638
0.00016890638
0.00033901192
0.00016890638
0.0002352722
0.00017322376
0.00016890638
0.00016890638
0.00016890638
0.00023359175
0.00016890638
0.00016890638
0.00016890638
0.00016890638
0.00016890638
0.00017648259
0.00016890638
0.00016890638
0.00018544115
0.00026331338
0.00016890638
0.00018753241
0.00016890638
0.00020783472
0.0002290603
0.00042674917
0.00016890638
0.00016890638
0.00016890638
0.00021963168
0.00016890638
0.00024306733
0.00016890638
0.000193656
0.00016890638
0.00016890638
0.00016890638
0.00016890638
0.00016890638
0.00016890638
0.00016890638
0.00016890638
0.00016890638
0.00016890638
0.00016890638
0.00016890638
0.00016890638
0.00016890638
0.00016890638
0.00021025764
0.00016890638
0.0002075476
0.00023745882
0.00017974549
0.00016890638
0.00016890638
0.00022072878
0.00016890638
0.00016890638
0.00019222675
0.00016890638
0.00016890638
0.00071194477
0.00020411944
0.00016890638
0.00016890638
0.00016890638
0.00016890638
0.00016890638
0.0001728248
0.00017446597
0.00016890638
0.00016890638
0.00016890638
0.00021343345
0.00017853701
0.00037693515
0.00041366174
0.0005116077
0.0001735784
0.0002655843
0.00016890638
0.00017009283
0.00016890638
0.00022032342
0.00016890638
0.00016890638
0.00016890638
0.00022903738
0.00016890638
0.00016890638
0.00016890638
0.00016890638
0.0009796091
0.00016890638
0.00016890638
0.00016890638
0.00016890638
0.0004078271
0.00016890638
0.00016890638
0.00016890638
0.00016890638
0.00041780417
0.00017506102
0.00043235975
0.00016890638
0.00026932888
0.0007227241
0.00016890638
0.00017854705
0.00016890638
0.00027650513
0.00016890638
0.00016890638
0.00016890638
0.00016890638
0.00016890638
0.00016890638
0.00016890638
0.0003791658
0.0003312565
0.0003522292
0.00030341858
0.00016890638
0.0006198245
0.0004298646
0.0002874405
0.00016890638
0.00016890638
0.00016890638
0.00016890638
0.00017991045
0.00024907978
0.00016890638
0.00029741836
0.00016890638
0.00027190096
0.00017799021
0.00016890638
0.00016890638
0.00016890638
0.00020993775
0.00039456587
0.00019649604
0.00016890638
0.00016890638
0.0002806987
0.00016890638
0.00018453543
0.00016890638
0.00016890638
0.00018238033
0.00016890638
0.00025906734
0.00016890638
0.00091163727
0.00016890638
0.00016890638
0.00016890638
0.00020031158
0.00016890638
0.00016890638
0.00016890638
0.00016890638
0.00016890638
0.00023226635
0.00016890638
0.00016890638
0.00020662806
0.00016890638
0.00023937879
0.00016890638
0.00016890638
0.00016890638
0.00017795457
0.00016890638
0.00020760082
0.00016890638
0.00016890638
0.00016890638
0.00016890638
0.00017039964
0.00016890638
0.00016890638
0.00016890638
0.00029717543
0.00016890638
0.0012505548
0.00016890638
0.0008439513
0.00016890638
0.00022318239
0.00016890638
0.00016890638
0.00016890638
0.00018328476
0.0014141835
0.00022388743
0.00016890638
0.00016890638
0.00016890638
0.00044894978
0.00018899431
0.00016890638
0.00016890638
0.00027800843
0.00041094667
0.00016890638
0.00016890638
0.00016890638
0.00021395854
0.00022661708
0.00021922916
0.00016890638
0.00016890638
0.00016890638
0.00016890638
0.00020250349
0.00016890638
0.00016890638
0.000279122
0.00016890638
0.00016890638
0.00016890638
0.00016890638
0.00016890638
0.00016890638
0.00016890638
0.00016890638
0.00016890638
0.00020145121
0.00016890638
0.00016890638
0.00017494321
0.00025860115
0.00016890638
0.00017506619
0.00027815136
0.00016890638
0.0002565332
0.00026376214
0.00016890638
0.00023400146
0.00016890638
0.00016890638
0.00016890638
0.00016890638
0.00018503952
0.0002159634
0.00016890638
0.00017699457
0.00016890638
0.00016890638
0.0002323862
0.0002895057
0.0001927798
0.0008998571
0.0002584592
0.00016890638
0.00019071731
0.00016890638
0.00016890638
0.00016890638
0.00016890638
0.00016890638
0.00016890638
0.00038794367
0.00016890638
0.00016890638
0.00016890638
0.00022575834
0.00016890638
0.00016890638
0.00016890638
0.00016890638
0.00016890638
0.00019094985
0.00016890638
0.00020046653
0.00016890638
0.0006969153
0.00016890638
0.00016890638
0.00016890638
0.00016890638
0.00018326187
0.0007378524
0.00016890638
0.00016890638
0.00016890638
0.00035496725
0.00016890638
0.00020764617
0.00018007554
0.00016890638
0.00016890638
0.00016890638
0.00016890638
0.00024796138
0.00016890638
0.00016890638
0.00018725259
0.0012951782
0.00016890638
0.00024172736
0.00016890638
0.00016890638
0.00016890638
0.00017792793
0.00030550064
0.00016890638
0.00016890638
0.00016890638
0.00016890638
0.00016890638
0.00016890638
0.00016890638
0.00016890638
0.0003190752
0.00016890638
0.00016890638
0.00016890638
0.00016890638
0.00022063768
0.00016890638
0.00016890638
0.00016890638
0.00016890638
0.00016890638
0.00016890638
0.00016890638
0.00020787101
0.00016890638
0.00016890638
0.00018172263
0.00019742225
0.00016890638
0.00016890638
0.00016890638
0.00016890638
0.00034354327
0.00016890638
0.00016890638
0.00018875516
0.00018885921
0.00019660004
0.00016890638
0.00016890638
0.0006507266
0.00024224578
0.00016890638
0.00016890638
0.00016890638
0.00019878452
0.00016890638
0.00016890638
0.0002402456
0.00016890638
0.00016890638
0.00016890638
0.00016890638
0.00016890638
0.00021970249
0.00017027506
0.00016890638
0.00024047226
0.00016890638
0.00024598153
0.00016890638
0.00016890638
0.00021367149
0.00016890638
0.00018125158
0.00018034171
0.00016890638
0.00016890638
0.00019188577
0.00016890638
0.00016890638
0.0002526221
0.00016890638
0.00016890638
0.00018428345
0.000537418
0.00016890638
0.00016890638
0.00016890638
0.00019162726
0.00016890638
0.00016890638
0.00017040827
0.00017003235
0.00016890638
0.00016890638
0.00016890638
0.00023357861
0.0002700182
0.0005992471
0.0002074564
0.00016890638
0.00016890638
0.00019132273
0.00016890638
0.00016890638
0.00024546287
0.00016890638
0.00016890638
0.00022672451
0.00022077173
0.0003679449
0.00016890638
0.00016890638
0.00020257146
0.00016890638
0.00017888138
0.00022625309
0.00016890638
0.00016890638
0.00016890638
0.00016890638
0.00016890638
0.0003023951
0.00016890638
0.00019897944
0.00016890638
0.00016890638
0.00016890638
0.00019070349
0.00025705816
0.00016890638
0.0003343602
0.0011597505
0.00016890638
0.00016890638
0.00016890638
0.00016890638
0.00016890638
0.00095345225
0.00021151274
0.00025701796
0.00016890638
0.00020211616
0.00016890638
0.00018359645
0.00016890638
0.00041209254
0.00023359444
0.00016890638
0.00016890638
0.00016890638
0.00019372451
0.00031686286
0.0002217394
0.00016890638
0.00021475028
0.00020810025
0.00016890638
0.00097187277
0.00050251203
0.00035549977
0.00016890638
0.00016890638
0.0002248784
0.0001847932
0.00016890638
0.0003065703
0.00020864283
0.00016890638
0.00016890638
0.00016890638
0.00016890638
0.00016890638
0.00016890638
0.00016890638
0.00016890638
0.00026597833
0.00083847746
0.00060105085
0.00016890638
0.00043094886
0.00016890638
0.00016890638
0.00016890638
0.00016890638
0.00016890638
0.00016890638
0.00021984246
0.00023858924
0.00029090236
0.00016890638
0.00018593388
0.00016890638
0.00033930063
0.00020974566
0.00016890638
0.00016890638
0.00036399686
0.00016890638
0.00016890638
0.00016890638
0.00016890638
0.00016890638
0.00016890638
0.00016890638
0.00016890638
0.00035769076
0.00016890638
0.00018165955
0.00016890638
0.00016890638
0.00016890638
0.00016890638
0.00016890638
0.00016890638
0.00016890638
0.00016890638
0.00016890638
0.00023803803
0.0002071257
0.00016890638
0.00017499411
0.00025738336
0.00016890638
0.00016890638
0.00016890638
0.00016890638
0.00016890638
0.00016890638
0.00089685817
0.00020715472
0.0005922323
0.00018538299
0.00027942265
0.0003100889
0.00016890638
0.00016890638
0.00016890638
0.00041650218
0.00016890638
0.00016890638
0.00016890638
0.00016890638
0.00016890638
0.00037425983
0.00016890638
0.00020708129
0.00016890638
0.00017847422
0.00019913186
0.00016890638
0.0004504609
0.0003289378
0.00024332982
0.00016890638
0.00016890638
0.00016890638
0.00019673187
0.00036321627
0.00060033554
0.00016890638
0.00029703128
0.00016890638
0.00016890638
0.00016890638
0.00016890638
0.0001941528
0.00016890638
0.00016890638
0.00016890638
0.0006729318
0.0002267392
0.00017693956
0.00034715628
0.00016890638
0.0002814399
0.00016890638
0.00016890638
0.00016890638
0.00016890638
0.00030657844
0.00016890638
0.00022882066
0.00016890638
0.00017887558
0.00057564746
0.00016890638
0.0002649505
0.00063211855
0.00017173884
0.00017356913
0.00028789573
0.00021422941
0.00024472768
0.00016890638
0.00016890638
0.00016890638
0.00016890638
0.00074192823
0.00016890638
0.00016890638
0.00016890638
0.00018384487
0.00016890638
0.0001695462
0.00020410075
0.0002793726
0.0002915643
0.00016890638
0.00016946165
0.00021207028
0.00016890638
0.00016890638
0.00016890638
0.00016890638
0.00016890638
0.00016987207
0.00016890638
0.00016890638
0.00016890638
0.0003145864
0.00016890638
0.00016890638
0.00021033904
0.0001903948
0.00016890638
0.00077572104
0.00016890638
0.00021402094
0.00016890638
0.00016890638
0.00016890638
0.00022259858
0.00023667362
0.00027149942
0.00016890638
0.00036063904
0.00016890638
0.00017574993
0.0007998355
0.00016890638
0.00016890638
0.00020274305
0.00016890638
0.00030698528
0.00016890638
0.00020505342
0.00016890638
0.00018696731
0.00016890638
0.00016890638
0.00016890638
0.00034880886
0.00016890638
0.00016890638
0.00029249673
0.00016890638
0.00016890638
0.00025989884
0.00016890638
0.00016890638
0.00016890638
0.00016890638
0.00016890638
0.00030330085
0.0004189025
0.00016890638
0.00016890638
0.00016890638
0.00016890638
0.00018579442
0.00016890638
0.00016890638
0.00016890638
0.00018049119
0.0009893888
0.00022184558
0.00016890638
0.00016890638
0.00016890638
0.00016890638
0.00043713328
0.0002903402
0.00018633142
0.00016890638
0.00016890638
0.00024216264
0.00017897761
0.00016890638
0.00034512207
0.00068670465
0.00016890638
0.00023649947
0.00016890638
0.00016890638
0.00031788196
0.00017593117
0.00019074586
0.00016890638
0.00019799515
0.00016890638
0.00016890638
0.00016890638
0.00016890638
0.00016890638
0.00016890638
0.000182511
0.00016890638
0.00031023994
0.00016890638
0.00017144269
0.00023531883
0.00021771374
0.00016890638
0.0002560233
0.00023773588
0.00016890638
0.00016890638
0.00016890638
0.00016890638
0.00016890638
0.00019875739
0.00017933549
0.00026326693
0.0011806223
0.00016890638
0.0001769345
0.00016890638
0.00016890638
0.00016890638
0.00017035611
0.00016890638
0.00016890638
0.00016890638
0.00016890638
0.00016890638
0.0001804002
0.00016890638
0.0003536474
0.00016890638
0.00016890638
0.00016890638
0.00020849745
0.00016890638
0.00026105114
0.00021753197
0.00018574728
0.0001994083
0.00016890638
0.00016890638
0.00016890638
0.00016890638
0.00016890638
0.00016890638
0.00016890638
0.00016890638
0.00016890638
0.00029956436
0.00031860254
0.00016890638
0.00016890638
0.00020171877
0.00016890638
0.00017959508
0.00016890638
0.00035304256
0.00016890638
0.00016890638
0.00016890638
0.00022595948
0.00016890638
0.00016890638
0.00031285943
0.00016890638
0.00016890638
0.00051449245
0.00016890638
0.00016890638
0.00021606247
0.0007734273
0.00017828762
0.00016890638
0.00016890638
0.00016890638
0.00017276204
0.0001885269
0.00018221953
0.0002889324
0.00033448325
0.00016890638
0.000403718
0.00016890638
0.00016890638
0.00024740314
0.00038529278
0.00016890638
0.00016890638
0.00016890638
0.00016890638
0.00016890638
0.00019499676
0.00016890638
0.00037450343
0.00016890638
0.00034252505
0.00016890638
0.00016890638
0.00016890638
0.00016890638
0.00016890638
0.00016890638
0.00016890638
0.00016890638
0.00023578126
0.00021580099
0.00016890638
0.00018098064
0.00016890638
0.00016890638
0.00041647046
0.00016890638
0.0004649411
0.00016890638
0.00016890638
0.00016890638
0.00016890638
0.00032807846
0.00016890638
0.00016890638
0.00018943255
0.00016890638
0.00016890638
0.00016890638
0.00016890638
0.00019759721
0.00016890638
0.00056547404
0.00016890638
0.00016890638
0.00032273267
0.00040828067
0.00016890638
0.00021481725
0.00020546872
0.00028101387
0.0005960407
0.00024724845
0.00023972776
0.00021914158
0.00016890638
0.00016890638
0.00016890638
0.00016890638
0.00016890638
0.00033655774
0.00016890638
0.00016890638
0.00016890638
0.00034834925
0.00035109418
0.00019056462
0.00016890638
0.00035095544
0.0002083806
0.00068891066
0.00016890638
0.00019192844
0.0002431443
0.00016890638
0.00016890638
0.00016890638
0.0004800672
0.00020064667
0.0005306426
0.00021540099
0.00032803405
0.00016890638
0.00016890638
0.00016890638
0.00016890638
0.00016890638
0.00022471207
0.00016890638
0.00022100341
0.00016890638
0.00026899812
0.00020176495
0.00019209558
0.00016890638
0.00016890638
0.00016890638
0.00016890638
0.00021108401
0.00016890638
0.00016890638
0.00017762875
0.00016890638
0.00023982034
0.00016890638
0.00016890638
0.00016890638
0.00033451355
0.00016890638
0.00016890638
0.00017086937
0.0013163912
0.00016890638
0.00016890638
0.00016890638
0.00016890638
0.00016890638
0.00016890638
0.00016890638
0.00016890638
0.00016890638
0.00016890638
0.00016890638
0.00016890638
0.00017155257
0.00023339204
0.00016890638
0.00016890638
0.0008198001
0.00016890638
0.00016890638
0.00025958978
0.00016890638
0.00016890638
0.00016890638
0.0011493
0.00016890638
0.00016890638
0.00016890638
0.00016890638
0.00016890638
0.00016890638
0.00016890638
0.00016890638
0.00016890638
0.00016890638
0.00044676484
0.00016890638
0.00016890638
0.00016890638
0.00016890638
0.00016890638
0.0007576029
0.00016890638
0.00016890638
0.00016890638
0.00016890638
0.00016890638
0.00016890638
0.00016890638
0.00016890638
0.00029591253
0.00016890638
0.00016890638
0.00020139955
0.00016890638
0.00016890638
0.00016890638
0.00025764087
0.00016890638
0.00019494972
0.00019595961
0.00042884
0.00018537947
0.00016890638
0.00017272084
0.00016890638
0.00016890638
0.00016890638
0.00018892747
0.00033499513
0.00039273943
0.00016890638
0.00030469522
0.0007343614
0.00016890638
0.00016890638
0.0002597854
0.00016890638
0.00042523307
0.00020116214
0.00024426376
0.0002081322
0.00016890638
0.00029782584
0.00017623103
0.00016890638
0.00024823364
0.00016890638
0.00016890638
0.00016890638
0.00016890638
0.00019816247
0.00040534866
0.00016890638
0.00019083572
0.00018616575
0.00016890638
0.00016890638
0.00016890638
0.00016890638
0.0003234396
0.00016890638
0.0002229261
0.00016890638
0.00016890638
0.00016890638
0.00016890638
0.00016890638
0.00016890638
0.0002897998
0.00016890638
0.00017434324
0.00023369757
0.00016890638
0.00016890638
0.0002119611
0.00016890638
0.00016890638
0.0005140851
0.00033348793
0.00016890638
0.0004229519
0.00048804597
0.00025877013
0.00032624073
0.00018629662
0.00016890638
0.00016890638
0.00016890638
0.00016890638
0.00016890638
0.00022032825
0.00016890638
0.00016890638
0.00017908719
0.00016890638
0.00016890638
0.00016890638
0.00016890638
0.00016890638
0.00018343373
0.00018153178
0.00016890638
0.00016890638
0.0005186939
0.00018480429
0.00016890638
0.00016890638
0.00018517207
0.0002831465
0.00016890638
0.00016890638
0.00016890638
0.00025561012
0.00034040402
0.00016890638
0.00016890638
0.00025601813
0.00019109556
0.00024218275
0.00016890638
0.00016890638
0.00016890638
0.00016890638
0.0001825653
0.00026698216
0.000925295
0.00016890638
0.00051571603
0.00022419887
0.00016890638
0.00016890638
0.00016890638
0.00022740691
0.00016890638
0.0001951063
0.00016890638
0.0002499998
0.00016890638
0.00025883206
0.00017983824
0.00016890638
0.00016890638
0.00016890638
0.00016890638
0.00016890638
0.00016890638
0.00016890638
0.00016890638
0.0001732804
0.00016890638
0.00019749322
0.00016890638
0.00016890638
0.00037668206
0.00016890638
0.00016890638
0.00016890638
0.00016890638
0.000222747
0.00016890638
0.0005108
0.00017434571
0.00016890638
0.00019917764
0.00016890638
0.00016890638
0.00016890638
0.00016890638
0.00016890638
0.00016890638
0.00016890638
0.00048232003
0.00081295514
0.0003832001
0.00016890638
0.00023136237
0.00016890638
0.00016890638
0.00016890638
0.00016890638
0.00016890638
0.00016890638
0.00021850232
0.00016890638
0.0005619317
0.00020165645
0.00016890638
0.00021255066
0.00025367003
0.00026482172
0.00016890638
0.00016890638
0.0003104527
0.00017661204
0.00016890638
0.00016890638
0.00039639397
0.00017390575
0.00016890638
0.00030769818
0.00024631713
0.00016890638
0.00016890638
0.00016890638
0.0002514331
0.00016890638
0.0002002772
0.00016890638
0.00016890638
0.00016890638
0.00016890638
0.00034754717
0.00017051959
0.00016890638
0.00016890638
0.00016890638
0.0002372563
0.00065842224
0.00019542652
0.00016890638
0.00018044165
0.00016890638
0.00022999103
0.00016890638
0.00034969536
0.00019219617
0.0005440377
0.00016890638
0.00016890638
0.00016890638
0.0001916799
0.0003182604
0.00025295225
0.00016890638
0.00039540234
0.00020692713
0.00016890638
0.0001890118
0.00021110555
0.00016890638
0.00016890638
0.00016890638
0.00016890638
0.00016890638
0.00056410936
0.00016890638
0.00016890638
0.00017723741
0.0002252391
0.00016890638
0.00016890638
0.00016890638
0.00016890638
0.00016890638
0.00047786318
0.00016890638
0.00016890638
0.00016890638
0.00016890638
0.00016890638
0.00016890638
0.00016890638
0.00016890638
0.00016890638
0.00020219479
0.00016890638
0.00024216519
0.00024346558
0.00016890638
0.00016890638
0.00016890638
0.00031827466
0.00019110666
0.00016890638
0.00016890638
0.00016890638
0.00016890638
0.00016890638
0.00017153965
0.00016890638
0.00016890638
0.00016890638
0.00033411066
0.00023657593
0.00034463793
0.00027629142
0.00016890638
0.00019893829
0.00016890638
0.00023374705
0.00016890638
0.00026166366
0.00016890638
0.00021390119
0.0005114107
0.00038683397
0.00020313023
0.00016890638
0.00021470913
0.0003091682
0.00017468569
0.00016890638
0.00016890638
0.00016890638
0.00028642805
0.00016890638
0.00016890638
0.00027637626
0.00016890638
0.00016890638
0.00016890638
0.00024301776
0.00037248145
0.00022037467
0.00016890638
0.00016890638
0.00019680017
0.0024263535
0.00016890638
0.00016890638
0.00016890638
0.00016890638
0.00016890638
0.00016890638
0.00016890638
0.00016890638
0.00016890638
0.00023307432
0.00028777527
0.00016890638
0.00024443594
0.00016890638
0.00016890638
0.00019462749
0.00016890638
0.000180302
0.00016890638
0.00028298487
0.00017438346
0.00028136853
0.00016890638
0.00016890638
0.00016890638
0.00019102925
0.00016890638
0.00016890638
0.00018025712
0.00026767186
0.00016890638
0.00030806538
0.00016890638
0.00038503282
0.00016890638
0.00016890638
0.00024688308
0.00016890638
0.00023835461
0.00016890638
0.00016890638
0.00017121936
0.00016890638
0.00016890638
0.00016890638
0.00016890638
0.00016890638
0.00042671236
0.000193078
0.0001973101
0.00016890638
0.00016890638
0.00017007759
0.00016890638
0.00017183973
0.0002252591
0.00016890638
0.0004394069
0.0014596836
0.00016890638
0.00016890638
0.00021525889
0.00016890638
0.00016890638
0.00016890638
0.00024744842
0.0003117191
0.00016890638
0.00016890638
0.00016890638
0.00018289006
0.00016890638
0.00016890638
0.00016890638
0.00079323235
0.00016890638
0.0009780467
0.00026807972
0.00035741483
0.00016890638
0.00022822733
0.00016890638
0.0007177
0.00025895768
0.00016890638
0.00026060847
0.00044722183
0.00016890638
0.00016890638
0.00016890638
0.0002176162
0.00085323513
0.00016890638
0.00016890638
0.00019781115
0.00016890638
0.00016890638
0.00016890638
0.00022207836
0.00020264371
0.00017189152
0.00016890638
0.00016890638
0.00016890638
0.00016890638
0.00016890638
0.00016890638
0.00016890638
0.00016890638
0.00016890638
0.00016890638
0.00016890638
0.00016890638
0.0003974021
0.00016890638
0.0002137964
0.00016890638
0.00016890638
0.00016890638
0.00091660523
0.00016890638
0.00016890638
0.00016890638
0.00020191293
0.00016890638
0.00016890638
0.0002698103
0.00016890638
0.00032831935
0.00016890638
0.00016890638
0.00016890638
0.00016890638
0.00016890638
0.00016890638
0.0002220142
0.00016890638
0.0001724541
0.00067352806
0.0002145759
0.00016890638
0.00024937443
0.00059130276
0.00016890638
0.00016890638
0.00021045763
0.00077558466
0.00016890638
0.00016890638
0.00016890638
0.00016890638
0.00020936441
0.00016890638
0.00016890638
0.0001823287
0.00016890638
0.0005887875
0.00016890638
0.00016890638
0.00016890638
0.000343559
0.00016890638
0.00016890638
0.00032587233
0.00016890638
0.00021704572
0.00016890638
0.00016890638
0.00028085554
0.00016890638
0.0003248828
0.00016890638
0.00016890638
0.00031511046
0.00016890638
0.00018192113
0.00093105657
0.0002750493
0.00016890638
0.00016890638
0.00018859468
0.00016890638
0.00016890638
0.0010912343
0.00016890638
0.00016890638
0.00016890638
0.0001814406
0.0001836812
0.00016890638
0.0001924641
0.00016890638
0.00016890638
0.0018128476
0.00016890638
0.0002149244
0.00026501494
0.00017484199
0.00016890638
0.0003338442
0.00016890638
0.002615716
0.00017424385
0.00016890638
0.0002701032
0.00016890638
0.00016890638
0.00022746525
0.00016890638
0.0011919576
0.00016890638
0.00023172464
0.00016890638
0.00016890638
0.00022681315
0.00016890638
0.00016890638
0.00016890638
0.00016890638
0.00016890638
0.00046960145
0.00016890638
0.0002398126
0.00016890638
0.00020657033
0.0003324616
0.00039119733
0.0002453215
0.00016890638
0.00016890638
0.00016890638
0.00017227465
0.00016890638
0.00016890638
0.00016890638
0.00016890638
0.00016890638
0.00016890638
0.00016890638
0.00016890638
0.00019922337
0.0005043691
0.0003795723
0.00024128755
0.0006321586
0.00016890638
0.00017591087
0.00016890638
0.002104282
0.00017944786
0.0004097508
0.00016890638
0.00016890638
0.00020434846
0.0002480491
0.0002604135
0.00020212153
0.00016890638
0.00016890638
0.00016890638
0.00016890638
0.00016890638
0.00016890638
0.00016890638
0.00016890638
0.00016890638
0.00018870873
0.00016890638
0.0005980463
0.00016890638
0.00016890638
0.00016890638
0.00016890638
0.00016890638
0.00016890638
0.00016890638
0.00028869038
0.00016890638
0.00016890638
0.00016890638
0.00044727794
0.00038485063
0.00017251563
0.00024701894
0.00016890638
0.00016890638
0.00023839461
0.00016890638
0.00016890638
0.00016890638
0.00022819925
0.00016890638
0.00016890638
0.00019461635
0.00073419703
0.00037594358
0.00016890638
0.00016890638
0.00016890638
0.00016890638
0.00016890638
0.00018793893
0.00016890638
0.00016890638
0.00018817635
0.00016890638
0.00017869862
0.0002348058
0.00016890638
0.00019479326
0.00016890638
0.00016961004
0.00016890638
0.00064317114
0.00023506499
0.00016890638
0.00026417917
0.00016890638
0.00016890638
0.00025260737
0.00016890638
0.00027843603
0.0007759528
0.00023131935
0.00016890638
0.00016890638
0.00016890638
0.00017276732
0.00026120475
0.00016890638
0.00022709813
0.00097219617
0.00016890638
0.00016890638
0.00016890638
0.00016890638
0.00017785975
0.00020726024
0.00016890638
0.00019057463
0.00016890638
0.00016890638
0.00016890638
0.00016890638
0.00040880978
0.00020877237
0.00016890638
0.00016890638
0.00016890638
0.00017693687
0.00016890638
0.00026479873
0.00040946106
0.00016890638
0.0002685141
0.00016890638
0.00022260136
0.00016890638
0.00024644847
0.00022088502
0.00016890638
0.00016890638
0.00034319647
0.00019077532
0.00016890638
0.00019711397
0.00016890638
0.00016890638
0.00036148477
0.00036803822
0.00041740766
0.00046692393
0.0012653635
0.00016890638
0.00016890638
0.00016890638
0.00016890638
0.00016890638
0.00018698088
0.0002540733
0.00016890638
0.00016890638
0.00016890638
0.00017241169
0.00016890638
0.00019162451
0.00016890638
0.00016890638
0.00016890638
0.00021491804
0.00022648038
0.00016890638
0.00027043716
0.00016890638
0.00016890638
0.00016890638
0.0011046208
0.00032803748
0.00016890638
0.000782388
0.00046281444
0.00016890638
0.0001876594
0.00016890638
0.00057862425
0.00022818356
0.00016890638
0.00018928018
0.00024997027
0.00016890638
0.00016890638
0.00016890638
0.00042745195
0.00016890638
0.00016890638
0.00016890638
0.00016890638
0.00016890638
0.00016890638
0.0009467049
0.00038869368
0.00016890638
0.0005985884
0.00016890638
0.00016890638
0.00016890638
0.00016890638
0.00016890638
0.00016890638
0.00016890638
0.00016890638
0.00044002893
0.00016890638
0.0003678658
0.00016890638
0.0002855803
0.00016890638
0.00016890638
0.00016890638
0.00016890638
0.00016890638
0.00016890638
0.00016890638
0.00023035822
0.00049849
0.00044911954
0.00016890638
0.00016890638
0.0002783227
0.00022169354
0.00016890638
0.00019155435
0.00032632935
0.00016890638
0.00016890638
0.001403417
0.00016890638
0.00016890638
0.0001691251
0.0002493794
0.00018458294
0.00039369552
0.00016890638
0.00016890638
0.00032281823
0.00016890638
0.00016890638
0.00046203396
0.00043899135
0.00016890638
0.00026533197
0.00016890638
0.00016890638
0.00029921814
0.00016890638
0.0005463416
0.00017426944
0.00016890638
0.00028270629
0.00016890638
0.00016890638
0.00016890638
0.0009554497
0.00017573383
0.00016890638
0.00016890638
0.00016890638
0.0006433158
0.00016890638
0.00016890638
0.00016890638
0.00017329924
0.00019968192
0.00018973407
0.00016890638
0.00020665268
0.00036389034
0.00016890638
0.00016890638
0.00016890638
0.00016890638
0.00021328656
0.00016890638
0.00016890638
0.00016890638
0.00022447821
0.00016890638
0.00079071807
0.0001944559
0.00019698357
0.0005065097
0.0005913766
0.00016890638
0.00016890638
0.0002579265
0.00016890638
0.00016890638
0.00016890638
0.00018933033
0.00020624051
0.00018183321
0.00032050506
0.00016890638
0.00020902972
0.00016890638
0.00023917868
0.00016890638
0.00019010094
0.00018148126
0.00016890638
0.00027748678
0.00031945508
0.00016890638
0.00016890638
0.00016890638
0.00016890638
0.00016890638
0.00016890638
0.00016890638
0.00022017158
0.00016890638
0.00020425845
0.00016890638
0.00021638369
0.00034329135
0.0001835373
0.00016890638
0.00016890638
0.0003501494
0.00021235517
0.00016890638
0.00016954941
0.00016890638
0.00028634365
0.00016890638
0.00016890638
0.00016890638
0.00021089532
0.00016890638
0.00049319887
0.0003078217
0.00016890638
0.00016890638
0.00019992689
0.00016890638
0.00017647301
0.00016890638
0.00027847508
0.00016890638
0.00016890638
0.00016890638
0.00021249898
0.00016890638
0.00016890638
0.00016890638
0.00016890638
0.00016890638
0.00016890638
0.00016890638
0.00016890638
0.00016890638
0.00016890638
0.00016890638
0.00016890638
0.00016890638
0.00016890638
0.00016890638
0.00016890638
0.00016890638
0.00016890638
0.00016890638
0.00028094044
0.00016890638
0.00026621102
0.00016890638
0.00016890638
0.00016890638
0.0002497487
0.00020063999
0.00016890638
0.00016890638
0.00016890638
0.00016890638
0.00022120854
0.00019305629
0.00016890638
0.00047330582
0.00021950294
0.00028993358
0.00016890638
0.00016890638
0.00016890638
0.00016890638
0.00024161582
0.00016890638
0.00016890638
0.00027618028
0.00031677374
0.00016890638
0.0004954826
0.00016890638
0.00018510091
0.00016890638
0.00016890638
0.00016890638
0.00016890638
0.00016890638
