1.0236789e-06
7.1636697e-07
7.1636697e-07
7.1636697e-07
7.1636697e-07
7.1636697e-07
7.1636697e-07
7.1636697e-07
7.1636697e-07
1.1612518e-06
7.1636697e-07
1.5275486e-06
9.246494e-07
7.1636697e-07
7.1636697e-07
7.1636697e-07
7.1636697e-07
7.1636697e-07
1.2084739e-06
7.1636697e-07
8.531001e-07
1.0967461e-06
7.1636697e-07
7.1636697e-07
7.1636697e-07
7.1636697e-07
7.1636697e-07
8.5279754e-07
1.019543e-06
7.1636697e-07
7.4233367e-07
1.1690711e-06
7.1636697e-07
3.1358281e-06
7.1636697e-07
7.1636697e-07
1.1443348e-06
7.1636697e-07
7.1636697e-07
1.1908211e-06
7.1636697e-07
8.9153366e-07
7.1636697e-07
7.1636697e-07
8.919036e-07
7.1636697e-07
3.4291106e-06
8.7532186e-07
7.1636697e-07
7.1636697e-07
7.1636697e-07
1.3653206e-06
7.1636697e-07
7.1636697e-07
1.4353498e-06
8.3454455e-07
7.1636697e-07
7.1636697e-07
3.919487e-06
7.1636697e-07
7.1636697e-07
7.8451757e-07
7.1636697e-07
7.1636697e-07
7.1636697e-07
7.1636697e-07
7.1636697e-07
7.1636697e-07
7.1636697e-07
7.1636697e-07
1.5633932e-06
7.1636697e-07
7.1636697e-07
7.330013e-07
7.1636697e-07
8.1270343e-07
1.5581494e-06
1.1178741e-06
7.1636697e-07
7.519742e-07
2.0181853e-06
7.1636697e-07
7.1636697e-07
7.1636697e-07
9.965895e-07
7.1636697e-07
1.0537211e-06
1.0571545e-06
7.1636697e-07
7.1636697e-07
1.9589822e-06
7.1636697e-07
8.503327e-07
8.5811257e-07
1.0213289e-06
7.1636697e-07
7.1636697e-07
5.5171845e-06
7.1636697e-07
7.1636697e-07
7.1636697e-07
2.3364132e-06
7.1636697e-07
7.1636697e-07
1.6943626e-06
7.1636697e-07
7.1636697e-07
1.0033086e-06
7.1636697e-07
7.1636697e-07
1.0684118e-06
8.5302605e-07
7.1636697e-07
7.1636697e-07
2.1915819e-06
7.1636697e-07
1.0600033e-06
7.1636697e-07
5.0623626e-06
7.1636697e-07
8.3071797e-07
7.1636697e-07
7.1636697e-07
7.1636697e-07
7.1636697e-07
7.1636697e-07
7.713316e-07
7.1636697e-07
1.2586107e-06
8.1588894e-07
7.701431e-07
7.1636697e-07
7.1636697e-07
7.1636697e-07
7.1636697e-07
1.0494749e-06
1.040091e-06
7.1636697e-07
7.1636697e-07
8.20118e-07
7.8435073e-07
8.930935e-07
1.0875016e-06
7.1636697e-07
7.1636697e-07
7.5466613e-07
7.1636697e-07
7.1636697e-07
7.1636697e-07
7.1636697e-07
7.1636697e-07
7.1636697e-07
7.1636697e-07
7.1636697e-07
7.1636697e-07
7.1636697e-07
7.301317e-07
7.1636697e-07
7.1636697e-07
7.1636697e-07
7.1636697e-07
7.1636697e-07
1.4154908e-06
7.1636697e-07
7.1636697e-07
7.1636697e-07
7.1636697e-07
7.1636697e-07
7.1636697e-07
7.240699e-07
1.2904414e-06
1.367887e-06
7.1636697e-07
7.1636697e-07
9.138455e-07
7.952473e-07
1.2621734e-06
1.2401254e-06
8.42045e-07
1.0990652e-06
7.1636697e-07
7.1636697e-07
7.1636697e-07
3.1032728e-06
7.1636697e-07
7.1636697e-07
9.112138e-07
7.1636697e-07
7.1636697e-07
7.1636697e-07
1.0768397e-06
7.1636697e-07
7.1636697e-07
7.623998e-07
7.738006e-07
7.1636697e-07
9.194288e-07
7.588658e-07
1.0821168e-06
7.1636697e-07
7.349401e-07
7.1636697e-07
7.1636697e-07
2.507186e-06
9.262451e-07
1.1478695e-06
9.234041e-07
7.1636697e-07
7.1636697e-07
7.1636697e-07
7.1636697e-07
7.1636697e-07
2.0509426e-06
7.1636697e-07
9.1969184e-07
7.1636697e-07
7.1636697e-07
7.553746e-07
2.328821e-06
8.134061e-07
1.6650375e-06
8.486719e-07
1.4234383e-06
8.6924183e-07
8.828191e-07
7.1636697e-07
8.151959e-06
7.1636697e-07
7.1636697e-07
7.1636697e-07
7.1636697e-07
7.1636697e-07
8.980696e-07
1.0763039e-06
7.1636697e-07
7.1636697e-07
7.1636697e-07
7.1636697e-07
7.1636697e-07
7.1636697e-07
7.1636697e-07
7.1636697e-07
7.1636697e-07
7.1636697e-07
1.3735812e-06
7.1636697e-07
8.289168e-07
7.1636697e-07
7.394501e-07
7.70149e-07
7.1636697e-07
7.548951e-07
7.1636697e-07
7.1636697e-07
2.7251342e-06
3.0961367e-06
7.1636697e-07
7.1636697e-07
7.1636697e-07
7.1636697e-07
7.1636697e-07
7.1636697e-07
7.1636697e-07
7.1636697e-07
7.1636697e-07
7.1636697e-07
7.1636697e-07
7.1636697e-07
7.1636697e-07
7.1636697e-07
7.1636697e-07
1.4196478e-06
7.1636697e-07
7.1636697e-07
1.8429386e-06
7.1636697e-07
7.1636697e-07
1.4729109e-06
7.1636697e-07
1.2605714e-06
7.1636697e-07
1.0112e-06
7.1636697e-07
7.1636697e-07
7.1636697e-07
7.800986e-07
7.1636697e-07
8.022071e-07
7.1636697e-07
7.1636697e-07
7.1636697e-07
1.127377e-06
7.1636697e-07
1.0980208e-06
7.1636697e-07
8.536966e-07
7.193408e-07
7.1636697e-07
1.2202447e-06
7.1636697e-07
1.3242711e-06
7.816126e-07
7.856016e-07
7.1636697e-07
7.1636697e-07
7.1636697e-07
1.0697157e-06
9.568117e-07
7.1636697e-07
7.1636697e-07
7.1636697e-07
1.9844686e-06
7.1636697e-07
7.1636697e-07
7.1636697e-07
7.1636697e-07
1.2366813e-06
7.1636697e-07
7.1636697e-07
7.1636697e-07
7.1636697e-07
7.1636697e-07
1.1985596e-06
8.984378e-07
8.00509e-07
7.1636697e-07
1.7501472e-06
7.1636697e-07
7.1636697e-07
9.556535e-07
7.1636697e-07
7.1636697e-07
7.831108e-07
7.1636697e-07
7.1636697e-07
1.5637406e-06
8.36618e-07
7.368659e-07
1.2330895e-06
9.0690247e-07
7.1636697e-07
7.4673375e-07
7.1636697e-07
1.6793598e-06
7.1636697e-07
7.1636697e-07
8.1805337e-07
7.1636697e-07
2.289589e-06
7.6270817e-07
1.0264739e-06
7.1636697e-07
7.1636697e-07
8.6994174e-07
7.1636697e-07
7.1636697e-07
1.2647824e-06
7.1636697e-07
7.237613e-07
1.275529e-06
7.1636697e-07
1.3214176e-06
7.1636697e-07
7.1636697e-07
7.1636697e-07
1.0747826e-06
7.1636697e-07
1.8406377e-06
1.0354169e-06
7.1636697e-07
7.9775776e-07
7.299981e-07
7.1636697e-07
7.1636697e-07
7.91912e-07
7.1636697e-07
4.9738082e-06
1.089609e-06
7.1636697e-07
7.1636697e-07
7.1636697e-07
1.6281898e-06
7.243061e-07
7.1636697e-07
7.1636697e-07
8.033646e-07
9.240217e-07
7.4690263e-07
7.1636697e-07
7.2303004e-07
7.1636697e-07
7.1636697e-07
7.1636697e-07
5.573033e-06
7.1636697e-07
7.1636697e-07
7.1636697e-07
1.2618667e-06
7.1636697e-07
7.7820164e-07
7.1636697e-07
7.1636697e-07
7.1636697e-07
7.1636697e-07
7.1636697e-07
7.1636697e-07
8.499063e-07
9.879376e-07
1.0628762e-06
8.9401385e-07
8.8437474e-07
7.1636697e-07
7.1636697e-07
7.1636697e-07
7.1636697e-07
1.433697e-06
7.1636697e-07
7.191954e-07
3.8849525e-06
9.1142937e-07
7.1636697e-07
7.1636697e-07
7.1636697e-07
3.63138e-06
8.877344e-07
7.1636697e-07
9.526325e-07
7.1636697e-07
7.1636697e-07
7.1636697e-07
7.4067043e-07
7.1636697e-07
7.1636697e-07
7.1636697e-07
7.1636697e-07
1.4043052e-06
7.1636697e-07
7.1636697e-07
7.1636697e-07
1.1604911e-06
7.1636697e-07
7.1636697e-07
7.1636697e-07
7.1636697e-07
7.1636697e-07
7.1636697e-07
7.1636697e-07
7.1636697e-07
7.1636697e-07
7.1636697e-07
7.1636697e-07
7.1636697e-07
7.1636697e-07
7.1636697e-07
7.1636697e-07
7.1636697e-07
7.1636697e-07
7.305781e-07
2.3377347e-06
7.1636697e-07
7.1636697e-07
7.8335574e-07
7.1636697e-07
7.1636697e-07
7.1636697e-07
7.1636697e-07
7.1636697e-07
7.1636697e-07
8.289516e-07
7.1636697e-07
9.0157414e-07
7.1636697e-07
1.5058309e-06
7.1636697e-07
7.1636697e-07
8.294213e-07
7.1636697e-07
7.1636697e-07
7.1636697e-07
7.1636697e-07
7.1636697e-07
9.283604e-07
7.1636697e-07
7.1636697e-07
7.1636697e-07
7.3479646e-07
7.1636697e-07
7.1636697e-07
7.1636697e-07
1.4605317e-06
7.1636697e-07
7.1636697e-07
7.1636697e-07
7.1636697e-07
7.1636697e-07
7.1636697e-07
9.0623945e-07
7.1636697e-07
7.1636697e-07
7.1636697e-07
8.2558284e-07
7.1636697e-07
7.1636697e-07
7.1636697e-07
7.1636697e-07
7.1636697e-07
7.1636697e-07
7.1636697e-07
7.1636697e-07
1.1262046e-06
9.415952e-07
8.9475e-07
1.0612383e-06
1.2218948e-06
3.3337667e-06
7.1636697e-07
7.1636697e-07
7.1636697e-07
1.2211691e-06
7.1636697e-07
3.645506e-06
7.1636697e-07
7.1636697e-07
8.018652e-07
1.2723799e-06
8.48884e-07
1.1630506e-06
7.1636697e-07
7.1636697e-07
7.1636697e-07
2.3661444e-06
7.1636697e-07
2.0597595e-06
7.1636697e-07
7.516623e-07
7.1636697e-07
9.548154e-07
7.1636697e-07
1.1913642e-06
9.551698e-07
7.1636697e-07
1.2922234e-06
7.1636697e-07
2.020498e-06
7.1636697e-07
7.1636697e-07
7.1636697e-07
7.1636697e-07
1.5814102e-06
7.1636697e-07
7.1636697e-07
1.1222228e-06
7.1636697e-07
7.1636697e-07
7.1636697e-07
8.7159253e-07
7.1636697e-07
7.1636697e-07
7.8046406e-07
1.0735789e-06
7.1636697e-07
7.1636697e-07
7.1636697e-07
7.1636697e-07
7.613384e-07
7.1636697e-07
7.1636697e-07
7.1636697e-07
9.179604e-07
1.4523329e-06
7.1636697e-07
1.3497296e-06
2.247732e-06
1.2727052e-06
7.1636697e-07
1.2370671e-06
1.7476204e-06
1.4261615e-06
9.461923e-07
9.551625e-07
7.1636697e-07
1.0294923e-06
7.1636697e-07
7.1636697e-07
7.1636697e-07
7.1636697e-07
7.1636697e-07
7.1636697e-07
7.1636697e-07
7.629039e-07
7.4599564e-07
7.1636697e-07
1.0396477e-06
7.1636697e-07
7.1636697e-07
7.1636697e-07
7.1636697e-07
7.1636697e-07
7.1636697e-07
1.4330928e-06
8.011612e-07
9.657822e-07
9.286376e-07
7.1636697e-07
7.1636697e-07
9.012415e-07
7.1636697e-07
7.1636697e-07
7.1636697e-07
7.1636697e-07
7.1636697e-07
7.1636697e-07
7.1636697e-07
7.1775304e-07
8.8190285e-07
7.1636697e-07
7.1636697e-07
7.1636697e-07
1.2195386e-06
7.1636697e-07
7.1636697e-07
7.1636697e-07
7.918161e-07
2.441365e-06
9.0261335e-07
7.1636697e-07
7.1636697e-07
7.1636697e-07
7.953913e-07
7.1636697e-07
7.1636697e-07
7.1636697e-07
7.1636697e-07
7.1636697e-07
7.1636697e-07
7.1636697e-07
7.1636697e-07
7.1636697e-07
7.1636697e-07
7.1636697e-07
7.1636697e-07
7.1636697e-07
7.1636697e-07
7.1636697e-07
7.1636697e-07
2.2964623e-06
7.1636697e-07
8.712211e-07
1.2709767e-06
7.1636697e-07
7.1636697e-07
7.1636697e-07
7.1636697e-07
1.3359949e-06
8.4171256e-07
7.2378884e-07
7.1636697e-07
1.0273826e-06
7.1636697e-07
1.8591066e-06
7.1636697e-07
7.2064955e-07
9.0177525e-07
7.1636697e-07
7.331166e-07
7.1636697e-07
1.088506e-06
7.1636697e-07
7.1636697e-07
7.1636697e-07
2.5439838e-06
7.1636697e-07
7.1636697e-07
7.1636697e-07
7.1636697e-07
7.1636697e-07
7.1636697e-07
7.1636697e-07
9.572634e-07
1.9225913e-06
8.839911e-07
7.511901e-07
7.1636697e-07
7.4217513e-07
7.1636697e-07
7.1636697e-07
9.425142e-07
7.1636697e-07
7.1636697e-07
7.1636697e-07
7.1636697e-07
7.1636697e-07
8.084596e-07
7.1636697e-07
7.4789693e-07
1.1778156e-06
7.1636697e-07
9.762108e-07
7.246743e-07
9.161281e-07
7.1636697e-07
7.1636697e-07
7.1636697e-07
7.1636697e-07
7.1636697e-07
7.1636697e-07
1.1063382e-06
7.1636697e-07
7.1636697e-07
7.1636697e-07
7.1636697e-07
1.9098304e-06
1.1973897e-06
1.3995055e-06
3.3166648e-06
1.1056411e-06
7.1636697e-07
7.1636697e-07
7.1636697e-07
1.3343559e-06
7.1636697e-07
1.1964376e-06
8.2233436e-07
7.1636697e-07
7.1636697e-07
7.1636697e-07
7.1636697e-07
7.1636697e-07
7.1636697e-07
7.284812e-07
7.1636697e-07
7.1636697e-07
7.1636697e-07
7.1636697e-07
7.1636697e-07
7.1636697e-07
1.1542517e-06
7.6974146e-07
7.1636697e-07
7.1636697e-07
7.1636697e-07
7.1636697e-07
7.6323283e-07
7.1636697e-07
7.1636697e-07
7.1636697e-07
3.1438678e-06
1.1459248e-06
7.1636697e-07
7.1636697e-07
7.1636697e-07
7.1636697e-07
7.1636697e-07
7.1636697e-07
7.1636697e-07
7.1636697e-07
8.6795865e-07
7.1636697e-07
7.1636697e-07
1.3025472e-06
7.1636697e-07
7.1636697e-07
7.1636697e-07
7.1636697e-07
7.1636697e-07
7.1636697e-07
7.1636697e-07
7.1636697e-07
1.2227819e-06
8.019776e-07
7.1636697e-07
7.5837164e-07
7.1636697e-07
7.1636697e-07
3.2842515e-06
9.040321e-07
7.1636697e-07
7.1636697e-07
7.1636697e-07
7.1636697e-07
7.1636697e-07
7.1636697e-07
1.778388e-06
8.4166766e-07
7.1636697e-07
7.1636697e-07
9.4046715e-07
7.1636697e-07
7.1636697e-07
7.1636697e-07
7.1636697e-07
8.490159e-07
7.1636697e-07
1.9552194e-06
7.1636697e-07
8.66389e-07
2.252646e-06
7.1636697e-07
7.1636697e-07
9.691536e-07
7.1636697e-07
7.1636697e-07
7.1636697e-07
7.1636697e-07
1.4463011e-06
7.1636697e-07
7.1636697e-07
7.1636697e-07
7.792428e-07
9.537133e-07
7.1636697e-07
7.1636697e-07
7.906457e-07
9.687157e-07
7.1636697e-07
1.3735116e-06
7.1636697e-07
7.1636697e-07
8.49045e-07
7.1636697e-07
7.1636697e-07
7.1636697e-07
8.4984305e-07
7.1636697e-07
7.1636697e-07
8.2723943e-07
7.7086463e-07
7.1636697e-07
7.1636697e-07
8.740189e-07
7.1636697e-07
1.244554e-06
7.1636697e-07
7.5986657e-07
7.1636697e-07
1.1029692e-06
8.9772703e-07
7.1636697e-07
1.3351579e-06
7.1636697e-07
7.1636697e-07
7.1636697e-07
7.1636697e-07
7.1636697e-07
1.9553202e-06
7.1636697e-07
7.1636697e-07
9.643272e-07
2.7625e-06
7.1636697e-07
7.1636697e-07
7.1636697e-07
1.6173751e-06
1.0990884e-06
7.1636697e-07
7.1636697e-07
7.1636697e-07
7.502579e-07
7.657036e-07
7.472994e-07
1.2874472e-06
7.1636697e-07
9.3567905e-07
7.1636697e-07
7.1636697e-07
7.1636697e-07
9.475099e-07
7.1636697e-07
7.1636697e-07
1.0879487e-06
7.2756205e-07
7.1636697e-07
7.1636697e-07
7.1636697e-07
7.1636697e-07
9.2006826e-07
7.1636697e-07
8.945255e-07
7.1636697e-07
7.1636697e-07
7.1636697e-07
7.1636697e-07
7.1636697e-07
8.4445185e-07
3.4290451e-06
8.340489e-07
2.748845e-06
7.846058e-07
7.1636697e-07
7.1636697e-07
7.1636697e-07
7.1636697e-07
8.0913605e-07
7.1636697e-07
7.1636697e-07
8.4654346e-07
1.2245126e-06
2.5293525e-06
7.1636697e-07
7.1636697e-07
1.3207019e-06
7.1636697e-07
7.1636697e-07
2.121423e-06
7.1636697e-07
7.1636697e-07
7.1636697e-07
7.1636697e-07
8.984626e-07
7.1636697e-07
1.386549e-06
2.53613e-06
7.947385e-07
7.1636697e-07
7.668436e-07
7.1636697e-07
7.1636697e-07
7.249826e-07
1.061702e-06
7.1636697e-07
7.1636697e-07
7.1636697e-07
9.0066914e-07
7.1636697e-07
1.1630129e-06
1.3648911e-06
2.2046943e-06
2.9163205e-06
7.1636697e-07
7.1636697e-07
7.1636697e-07
7.1636697e-07
1.3775981e-06
1.1363882e-06
1.7736185e-06
8.310381e-07
1.1526446e-06
7.1636697e-07
7.1636697e-07
7.1636697e-07
7.1636697e-07
7.1636697e-07
9.129056e-07
7.1636697e-07
7.1636697e-07
7.6570427e-07
7.1636697e-07
7.1636697e-07
7.1636697e-07
1.9130275e-06
7.1636697e-07
1.119039e-06
1.0476509e-06
1.0785634e-06
7.1636697e-07
7.1636697e-07
1.1326294e-06
1.4829603e-06
1.1805078e-06
7.1636697e-07
7.1636697e-07
1.1583352e-06
1.3749049e-06
8.525926e-07
2.424657e-06
7.839215e-07
7.1636697e-07
7.1636697e-07
7.1636697e-07
7.1636697e-07
1.0003889e-06
8.3888614e-07
7.1636697e-07
2.4061528e-06
7.1636697e-07
7.1636697e-07
7.3430755e-07
7.6646256e-07
1.1849834e-06
9.835315e-07
7.669759e-07
7.1636697e-07
9.971808e-07
8.1197294e-07
7.1636697e-07
7.1636697e-07
7.1636697e-07
7.1636697e-07
7.3057885e-07
7.1636697e-07
7.1636697e-07
7.1636697e-07
1.7754768e-06
7.1636697e-07
7.1636697e-07
7.1636697e-07
7.1636697e-07
7.1636697e-07
7.725087e-07
1.2515764e-06
7.1636697e-07
7.1636697e-07
9.884795e-07
8.3181595e-07
7.1636697e-07
7.1636697e-07
7.1636697e-07
7.1636697e-07
7.1636697e-07
7.1636697e-07
8.679769e-07
7.1636697e-07
7.1636697e-07
8.834458e-07
7.1636697e-07
8.790093e-07
2.6735777e-06
9.751492e-07
7.1636697e-07
8.0701057e-07
7.2199094e-07
7.1636697e-07
7.1636697e-07
7.1636697e-07
7.1636697e-07
8.64971e-06
7.1636697e-07
7.1636697e-07
7.1636697e-07
1.7573442e-06
7.1636697e-07
7.1636697e-07
7.942422e-07
7.1636697e-07
8.321579e-07
7.1636697e-07
7.1636697e-07
7.1636697e-07
7.1636697e-07
7.4262965e-07
7.1636697e-07
7.1636697e-07
7.1636697e-07
7.1636697e-07
7.1636697e-07
7.1636697e-07
8.055758e-07
7.1636697e-07
1.0317902e-06
8.0098545e-07
7.1636697e-07
7.1636697e-07
8.656226e-07
7.2870006e-07
7.1636697e-07
7.1636697e-07
7.951578e-07
7.1636697e-07
9.4713295e-07
7.1636697e-07
7.1636697e-07
9.459513e-07
7.1636697e-07
8.0933046e-07
1.7433624e-06
7.1636697e-07
2.067671e-06
7.1636697e-07
7.1636697e-07
1.0756297e-06
2.6024006e-06
7.504003e-07
7.1636697e-07
7.1636697e-07
7.1636697e-07
7.1636697e-07
7.1636697e-07
7.1636697e-07
7.1636697e-07
7.1636697e-07
7.1636697e-07
2.390627e-06
7.1636697e-07
7.1636697e-07
7.1636697e-07
7.1636697e-07
7.1636697e-07
7.1636697e-07
7.1636697e-07
1.2222933e-06
8.2595534e-07
7.1636697e-07
7.1636697e-07
7.4045147e-07
7.1636697e-07
7.314789e-07
9.875796e-07
3.0804829e-06
7.1636697e-07
1.1996563e-06
7.1636697e-07
7.1636697e-07
9.211666e-07
7.1636697e-07
7.1636697e-07
1.2852315e-06
7.1636697e-07
9.1206766e-07
7.1636697e-07
7.1636697e-07
7.1636697e-07
9.300849e-07
7.1636697e-07
7.1636697e-07
7.1636697e-07
1.1986019e-06
8.984002e-07
9.681975e-07
7.1636697e-07
7.1636697e-07
7.1636697e-07
9.914743e-07
7.1636697e-07
7.1636697e-07
7.1636697e-07
7.991726e-07
7.1923176e-07
7.1636697e-07
1.3737043e-06
7.1636697e-07
7.1636697e-07
7.1636697e-07
7.1636697e-07
8.340106e-07
7.1636697e-07
1.1824852e-06
1.0827619e-06
7.772122e-07
7.1636697e-07
1.0625073e-06
7.1636697e-07
7.1636697e-07
7.1636697e-07
7.1636697e-07
7.1636697e-07
7.1636697e-07
1.4462239e-06
2.2110194e-06
9.86994e-07
7.1636697e-07
7.1636697e-07
8.068128e-07
9.564925e-07
1.064011e-06
7.1636697e-07
7.1636697e-07
7.1636697e-07
1.2493488e-06
1.2621447e-06
7.1636697e-07
7.1636697e-07
7.1636697e-07
7.1636697e-07
1.6971118e-06
7.1636697e-07
7.1636697e-07
7.1636697e-07
7.1636697e-07
7.1636697e-07
7.1636697e-07
7.1636697e-07
7.1636697e-07
1.2547458e-06
7.1636697e-07
1.2443131e-06
7.1636697e-07
1.7540657e-06
7.1636697e-07
7.1636697e-07
7.1636697e-07
9.617436e-07
7.1636697e-07
7.1636697e-07
1.0381091e-06
7.1636697e-07
7.1636697e-07
1.1594601e-06
8.246432e-07
7.1636697e-07
1.3711351e-06
7.1636697e-07
1.1844614e-06
1.1067002e-06
7.1636697e-07
7.1636697e-07
8.8996217e-07
8.5655665e-07
7.1636697e-07
7.9836815e-07
7.1636697e-07
7.1636697e-07
7.1636697e-07
7.2296655e-07
1.1697247e-06
9.435728e-07
7.7446646e-07
1.6205587e-06
7.1636697e-07
7.1636697e-07
1.029405e-06
7.1636697e-07
7.1636697e-07
8.268135e-07
7.1636697e-07
7.1636697e-07
7.1636697e-07
1.1029914e-06
7.1636697e-07
7.1636697e-07
8.865914e-07
4.2889565e-06
1.069213e-06
7.1636697e-07
8.1934866e-07
7.3695384e-07
7.193381e-07
7.1636697e-07
7.1636697e-07
7.1636697e-07
7.1636697e-07
7.1636697e-07
7.1636697e-07
8.6610146e-07
7.1636697e-07
1.4875679e-06
9.1252605e-07
7.1636697e-07
7.1636697e-07
7.1636697e-07
7.1636697e-07
7.1636697e-07
7.1636697e-07
7.1636697e-07
7.1636697e-07
7.1636697e-07
7.1636697e-07
7.785876e-07
7.1636697e-07
7.859508e-07
7.1636697e-07
7.1636697e-07
7.1636697e-07
7.1636697e-07
9.525935e-07
7.1636697e-07
7.1636697e-07
7.1636697e-07
1.0166826e-06
1.1969489e-06
7.1636697e-07
8.952843e-07
7.1636697e-07
7.1636697e-07
7.1636697e-07
7.1636697e-07
7.1636697e-07
8.591689e-07
7.1636697e-07
1.4281688e-06
7.1636697e-07
7.1636697e-07
2.1948554e-06
7.1636697e-07
3.5793591e-06
7.1636697e-07
7.1636697e-07
7.1636697e-07
7.1636697e-07
7.797885e-07
1.5205852e-06
7.894455e-07
7.1636697e-07
7.1636697e-07
7.1636697e-07
7.1636697e-07
7.1636697e-07
7.1636697e-07
7.3684413e-07
3.1217921e-06
9.1280907e-07
8.7914424e-07
7.1636697e-07
7.1636697e-07
7.1636697e-07
7.862485e-07
7.1636697e-07
1.8509846e-06
1.0750236e-06
7.1636697e-07
7.1636697e-07
1.3145384e-06
1.14662e-06
7.1636697e-07
7.1636697e-07
1.0000799e-06
7.1636697e-07
7.1636697e-07
1.2110605e-06
7.1636697e-07
7.1636697e-07
7.1636697e-07
8.312181e-07
3.336674e-06
7.1636697e-07
9.064503e-06
8.2865523e-07
7.1636697e-07
7.1636697e-07
7.33204e-07
7.1636697e-07
1.8255946e-06
7.1636697e-07
7.1636697e-07
7.1636697e-07
7.1636697e-07
7.1636697e-07
9.029603e-07
7.1636697e-07
7.1636697e-07
7.1636697e-07
7.1636697e-07
7.1636697e-07
2.3921411e-06
7.1636697e-07
7.1636697e-07
8.576651e-07
7.528374e-07
1.4782145e-06
7.1636697e-07
7.1636697e-07
7.1636697e-07
7.1636697e-07
7.316275e-07
7.1636697e-07
1.3251416e-06
7.1636697e-07
7.1636697e-07
7.714523e-07
7.1636697e-07
7.1636697e-07
4.0703962e-06
7.1636697e-07
7.1636697e-07
7.1636697e-07
1.0073558e-06
7.1636697e-07
7.1636697e-07
7.1636697e-07
7.1636697e-07
7.1636697e-07
7.1636697e-07
7.1636697e-07
7.1636697e-07
7.1636697e-07
7.1636697e-07
7.1636697e-07
7.1636697e-07
7.877631e-07
7.561516e-07
7.384938e-07
7.1636697e-07
7.1636697e-07
8.8649415e-07
8.976472e-07
7.1636697e-07
7.1636697e-07
7.1636697e-07
7.1636697e-07
7.1636697e-07
7.1636697e-07
7.996209e-07
7.1636697e-07
7.1636697e-07
7.1636697e-07
7.1636697e-07
8.70751e-07
7.1636697e-07
7.1636697e-07
8.500198e-07
7.1636697e-07
7.1636697e-07
7.1636697e-07
7.1636697e-07
7.1636697e-07
7.1636697e-07
7.1636697e-07
7.1636697e-07
8.322444e-07
7.1636697e-07
1.19434e-06
7.1636697e-07
7.1636697e-07
7.1636697e-07
9.4225175e-07
7.1636697e-07
7.1636697e-07
7.1636697e-07
8.2974884e-07
7.1636697e-07
7.1636697e-07
7.1636697e-07
7.1636697e-07
7.1636697e-07
7.1636697e-07
7.1636697e-07
7.1636697e-07
1.5429674e-06
7.1636697e-07
9.019052e-07
7.4247953e-07
7.1636697e-07
7.1636697e-07
7.337216e-07
7.1636697e-07
7.1636697e-07
7.1636697e-07
7.1636697e-07
7.8933334e-07
7.3025495e-07
7.1636697e-07
7.1636697e-07
7.1636697e-07
7.1636697e-07
7.1636697e-07
7.1636697e-07
7.1636697e-07
7.1636697e-07
7.1636697e-07
8.0603616e-07
8.5437836e-07
7.1636697e-07
7.1636697e-07
8.9886123e-07
9.932667e-07
7.1636697e-07
7.1636697e-07
7.4566634e-07
7.1636697e-07
7.1636697e-07
1.5346304e-06
1.0242032e-06
7.1636697e-07
7.775673e-07
7.1636697e-07
7.1636697e-07
1.157252e-06
7.1636697e-07
8.596434e-07
7.1636697e-07
9.099677e-07
7.8409573e-07
8.398131e-07
7.1636697e-07
7.487112e-07
7.1636697e-07
7.1636697e-07
7.1636697e-07
8.9768764e-07
7.1636697e-07
7.1636697e-07
7.1636697e-07
7.1636697e-07
7.1636697e-07
7.1636697e-07
7.1636697e-07
1.1810448e-06
2.2512631e-06
7.1636697e-07
7.1636697e-07
7.1636697e-07
7.998375e-07
7.72203e-07
1.2139443e-06
7.1636697e-07
7.1636697e-07
7.1636697e-07
1.1384144e-06
7.1636697e-07
7.417088e-07
7.1636697e-07
7.1636697e-07
8.5307397e-07
7.1636697e-07
7.1636697e-07
7.1636697e-07
7.1636697e-07
7.1636697e-07
2.5238348e-06
7.1636697e-07
7.1636697e-07
7.1636697e-07
7.1636697e-07
7.1636697e-07
7.653188e-07
7.1636697e-07
1.1363469e-06
7.1636697e-07
1.0758174e-06
7.1636697e-07
1.049536e-06
7.1636697e-07
7.1636697e-07
7.1636697e-07
7.1636697e-07
7.1636697e-07
7.1636697e-07
7.1636697e-07
1.7488994e-06
7.1636697e-07
7.86205e-07
7.1636697e-07
7.289886e-07
7.1636697e-07
1.0844878e-06
7.1636697e-07
7.1636697e-07
7.1636697e-07
7.1636697e-07
7.768387e-07
7.1636697e-07
7.1636697e-07
1.7012244e-06
7.1636697e-07
8.9582835e-07
8.836034e-07
8.165631e-07
1.351163e-06
9.908995e-07
8.326406e-07
7.1636697e-07
7.1636697e-07
7.1636697e-07
7.717782e-07
1.7021608e-06
7.1636697e-07
7.1636697e-07
9.3380885e-07
7.1636697e-07
7.1636697e-07
1.3362215e-06
7.498051e-07
1.0081707e-06
7.1636697e-07
1.1997032e-06
7.1636697e-07
8.163271e-07
7.1636697e-07
7.20532e-07
7.1636697e-07
7.1636697e-07
7.1636697e-07
1.1491127e-06
7.1636697e-07
8.3963295e-07
8.1047057e-07
7.1636697e-07
7.1636697e-07
8.578908e-07
7.1636697e-07
7.1636697e-07
1.2920067e-06
1.00591e-06
7.230666e-07
1.2321066e-05
7.1636697e-07
7.1636697e-07
7.1636697e-07
7.1636697e-07
1.0243498e-06
7.1636697e-07
7.1636697e-07
7.1636697e-07
7.1636697e-07
7.1636697e-07
8.498852e-07
1.2740968e-06
7.1636697e-07
1.0106177e-06
8.305215e-07
7.1636697e-07
7.1636697e-07
7.1636697e-07
1.805474e-06
7.1636697e-07
7.1636697e-07
7.7042665e-07
7.1636697e-07
7.1636697e-07
7.1636697e-07
8.034283e-07
4.41662e-06
7.495578e-07
7.1636697e-07
7.1636697e-07
7.1636697e-07
7.1636697e-07
7.1636697e-07
7.1636697e-07
7.1636697e-07
7.613369e-07
7.1636697e-07
7.1636697e-07
7.1636697e-07
7.1636697e-07
7.1636697e-07
1.6690376e-06
7.1636697e-07
7.1636697e-07
7.1636697e-07
7.1636697e-07
8.802492e-07
7.1636697e-07
1.0367596e-06
5.2754117e-06
7.1636697e-07
7.1636697e-07
7.1636697e-07
7.1636697e-07
7.1636697e-07
7.1636697e-07
7.1636697e-07
1.0405424e-06
7.1636697e-07
7.807722e-07
7.1636697e-07
7.1636697e-07
7.200347e-07
7.1636697e-07
7.1636697e-07
1.6150091e-06
7.1636697e-07
7.1636697e-07
7.1636697e-07
1.0239143e-06
7.1636697e-07
7.1636697e-07
8.450207e-07
7.1636697e-07
7.1636697e-07
7.1636697e-07
7.1636697e-07
7.1636697e-07
7.6714645e-07
7.1636697e-07
2.1780904e-06
1.1584532e-06
7.1636697e-07
8.4982446e-07
9.905226e-07
7.1636697e-07
7.1636697e-07
7.1636697e-07
7.1636697e-07
7.1636697e-07
7.1636697e-07
7.1636697e-07
7.1636697e-07
7.1636697e-07
7.415963e-07
9.60453e-07
9.4990463e-07
7.1636697e-07
7.1636697e-07
7.1636697e-07
8.14959e-07
7.1636697e-07
7.1636697e-07
1.3680892e-06
7.1636697e-07
7.1636697e-07
7.1636697e-07
8.1060193e-07
7.1636697e-07
7.1636697e-07
7.1636697e-07
7.1636697e-07
7.1636697e-07
7.1636697e-07
7.1636697e-07
7.1636697e-07
7.1932163e-07
7.1636697e-07
7.1636697e-07
7.1636697e-07
7.1636697e-07
7.1636697e-07
7.1636697e-07
7.1636697e-07
7.1636697e-07
1.0870589e-06
7.1636697e-07
7.5464095e-07
1.0885527e-06
1.369175e-06
7.1636697e-07
2.1094077e-06
9.212316e-07
7.1636697e-07
7.1636697e-07
7.1636697e-07
7.1636697e-07
7.505942e-07
7.1636697e-07
7.1636697e-07
7.1636697e-07
1.5787218e-06
1.8292544e-06
7.1636697e-07
7.1636697e-07
7.1636697e-07
8.4751775e-07
7.1636697e-07
1.1324598e-06
9.748404e-07
7.6471474e-07
1.144327e-06
7.1636697e-07
7.1636697e-07
7.9589364e-07
7.1636697e-07
1.3073299e-06
7.1636697e-07
7.1636697e-07
7.1636697e-07
7.1636697e-07
7.1636697e-07
7.1636697e-07
7.743534e-07
7.1636697e-07
7.1636697e-07
7.1636697e-07
7.1636697e-07
7.1636697e-07
7.1636697e-07
1.0038495e-06
7.1636697e-07
2.4288272e-06
7.1636697e-07
1.2318352e-06
7.60543e-07
9.231401e-07
7.1636697e-07
8.194119e-07
9.4733986e-07
7.1636697e-07
7.1636697e-07
7.1636697e-07
8.0095407e-07
7.1636697e-07
1.260028e-06
8.7580617e-07
9.0457473e-07
7.1636697e-07
7.1636697e-07
7.1636697e-07
7.1636697e-07
7.1636697e-07
7.1636697e-07
7.1636697e-07
7.1636697e-07
7.1636697e-07
7.4211493e-07
7.1636697e-07
7.1636697e-07
1.700733e-06
7.1636697e-07
7.1636697e-07
7.1636697e-07
1.1047589e-06
7.264866e-07
7.1636697e-07
9.845442e-07
7.1636697e-07
7.1636697e-07
7.1636697e-07
7.1636697e-07
7.1636697e-07
7.1636697e-07
7.1636697e-07
7.96142e-07
7.1636697e-07
7.1636697e-07
7.951813e-07
7.1636697e-07
1.7724113e-06
7.903721e-07
8.998939e-07
9.292232e-07
7.1636697e-07
7.1636697e-07
9.2744e-07
7.1636697e-07
7.1636697e-07
1.5389877e-06
1.4369755e-06
1.2426196e-06
7.1636697e-07
7.1636697e-07
7.1636697e-07
7.20886e-07
7.1636697e-07
7.1636697e-07
1.3836309e-06
1.3564926e-06
9.848577e-07
8.4387796e-07
2.1467922e-06
7.1636697e-07
7.1636697e-07
7.1636697e-07
7.1636697e-07
7.1636697e-07
7.1636697e-07
7.1636697e-07
7.1636697e-07
7.1636697e-07
1.8293293e-06
7.1636697e-07
7.1636697e-07
8.5693495e-07
9.936607e-07
7.1636697e-07
7.1636697e-07
7.1636697e-07
7.1636697e-07
7.1636697e-07
2.5062915e-05
1.0128862e-06
7.1636697e-07
7.1636697e-07
1.2447558e-06
7.1636697e-07
7.1636697e-07
7.1636697e-07
1.0459648e-06
7.1636697e-07
7.1636697e-07
7.1636697e-07
1.2885797e-06
8.663303e-07
8.794831e-07
7.1636697e-07
7.1636697e-07
7.1636697e-07
7.1636697e-07
7.1636697e-07
7.929413e-07
7.803695e-07
7.1636697e-07
1.3406546e-06
7.1636697e-07
7.1636697e-07
7.1636697e-07
7.580629e-07
7.1636697e-07
1.1745817e-06
7.1636697e-07
7.1636697e-07
7.1636697e-07
8.291611e-07
2.7665233e-06
7.7593836e-07
8.2571825e-07
7.804848e-07
7.1636697e-07
7.1636697e-07
7.1636697e-07
7.1636697e-07
7.1636697e-07
1.109779e-06
1.0606768e-06
1.9376926e-06
7.1636697e-07
1.0198912e-06
1.09751e-06
7.1636697e-07
7.1636697e-07
7.1636697e-07
1.5964314e-06
7.1636697e-07
7.1636697e-07
1.0029643e-06
7.1636697e-07
1.3682379e-06
1.0687593e-06
7.1636697e-07
7.1636697e-07
7.1636697e-07
7.6143345e-07
7.1636697e-07
7.1636697e-07
1.145265e-06
8.951724e-07
7.1636697e-07
7.1636697e-07
1.2094689e-06
7.1636697e-07
1.2759596e-06
7.1636697e-07
1.0352618e-06
9.3423813e-07
7.463842e-07
7.1636697e-07
7.1636697e-07
7.1636697e-07
7.1636697e-07
7.1636697e-07
7.1636697e-07
1.633568e-06
7.1636697e-07
7.676551e-07
7.1636697e-07
9.19649e-07
7.1636697e-07
7.1636697e-07
7.29602e-07
7.739555e-07
7.1636697e-07
1.0470906e-06
9.968595e-07
7.1636697e-07
7.1636697e-07
7.1636697e-07
7.1636697e-07
7.1636697e-07
7.1636697e-07
7.1636697e-07
7.8438893e-07
7.1636697e-07
7.1636697e-07
7.1636697e-07
7.1636697e-07
1.3260835e-06
7.1636697e-07
7.1636697e-07
7.1636697e-07
1.7300033e-06
7.1636697e-07
7.1636697e-07
7.270952e-07
1.4057631e-06
7.1636697e-07
7.1636697e-07
7.1636697e-07
7.1636697e-07
7.1636697e-07
1.399906e-06
7.3489457e-07
7.1636697e-07
8.877193e-07
1.3793793e-06
7.47561e-07
7.1636697e-07
7.1636697e-07
7.1636697e-07
1.158112e-06
7.1636697e-07
7.1636697e-07
7.1636697e-07
7.1636697e-07
7.1636697e-07
7.70578e-07
1.1225407e-06
7.1636697e-07
7.1636697e-07
7.1636697e-07
1.4496303e-06
7.1636697e-07
7.1636697e-07
7.6863154e-07
7.1636697e-07
7.1636697e-07
1.5152897e-06
8.5200566e-07
7.1636697e-07
1.0040802e-06
7.1636697e-07
7.1636697e-07
7.1636697e-07
7.1636697e-07
7.1636697e-07
7.1636697e-07
7.1636697e-07
7.1636697e-07
7.1636697e-07
7.1636697e-07
7.1636697e-07
7.1636697e-07
7.1636697e-07
7.1636697e-07
