0.0034621283
0.0012579742
0.0011441235
0.0009648533
0.0009648533
0.0009648533
0.0009648533
0.001025162
0.0009648533
0.0009648533
0.02402158
0.0009648533
0.0009648533
0.0009648533
0.0009648533
0.0009648533
0.0010417239
0.0009648533
0.0009648533
0.0009648533
0.0022917339
0.0009648533
0.0009648533
0.0009648533
0.0009648533
0.0009648533
0.0014961269
0.0009648533
0.0009648533
0.0010366283
0.0011382734
0.0009648533
0.0009648533
0.0010521034
0.0009648533
0.003018671
0.0009648533
0.0009648533
0.0019451124
0.003425708
0.0009648533
0.001643249
0.0009648533
0.002465628
0.00353534
0.001484663
0.0051499396
0.0013554294
0.0009648533
0.0009648533
0.0009648533
0.001198177
0.0009648533
0.0009648533
0.0009939792
0.0009648533
0.0009648533
0.0009648533
0.0010243005
0.0009648533
0.052462738
0.0009648533
0.0009648533
0.0009648533
0.0009648533
0.0033575287
0.0013224152
0.0009648533
0.0009648533
0.0009648533
0.0009648533
0.0009648533
0.0009648533
0.001895828
0.0042237006
0.0010080045
0.0009648533
0.0009648533
0.0022294025
0.0009648533
0.0009648533
0.0012308876
0.0009648533
0.0010113115
0.001254629
0.0009648533
0.0009648533
0.0009648533
0.0009648533
0.0009648533
0.0025061832
0.0010581687
0.0018952372
0.0014426989
0.0009648533
0.0018484286
0.0012911747
0.0009648533
0.0009648533
0.0009648533
0.002330508
0.0032707697
0.0017883921
0.0009648533
0.0009648533
0.0009648533
0.0009648533
0.0009722878
0.0020838068
0.0009648533
0.0009648533
0.0011625522
0.0009648533
0.0009648533
0.0023509448
0.0019672886
0.0009648533
0.0009648533
0.0009648533
0.0009648533
0.0016724953
0.0009648533
0.0009648533
0.001683005
0.0009648533
0.0009648533
0.0009648533
0.0009648533
0.0009648533
0.0009648533
0.0009648533
0.005499835
0.0014057384
0.0009648533
0.0009648533
0.0010538137
0.0010895095
0.0009648533
0.0009648533
0.0009648533
0.0010739834
0.0010419402
0.0012309966
0.0009648533
0.0014287041
0.0009648533
0.0013888108
0.0009648533
0.0009648533
0.0009648533
0.0009648533
0.0009648533
0.0022270032
0.0009648533
0.0009648533
0.0010868268
0.050410554
0.0009648533
0.001943109
0.0009648533
0.0009648533
0.0009648533
0.0012141053
0.0009648533
0.0009648533
0.0009648533
0.0009648533
0.0009648533
0.0009648533
0.0014237161
0.0057650628
0.0013409953
0.0009648533
0.0009648533
0.0018098742
0.0009648533
0.0024114354
0.0009648533
0.0009648533
0.0009648533
0.0009648533
0.0009648533
0.0011111018
0.0009648533
0.0009648533
0.0016811562
0.0009648533
0.0009648533
0.0009648533
0.0009648533
0.0024297186
0.0009648533
0.0012024174
0.0009648533
0.0012680696
0.004437115
0.0009648533
0.008339204
0.0009648533
0.0009648533
0.0010069453
0.0009648533
0.0009648533
0.0009648533
0.0009648533
0.0010786293
0.0050059482
0.002375729
0.0009648533
0.0009648533
0.0009648533
0.0011111023
0.0011550846
0.0009648533
0.0009648533
0.0009648533
0.0009648533
0.002246839
0.0009648533
0.0010111652
0.0014735493
0.0009648533
0.001298698
0.0013292303
0.0009648533
0.0009648533
0.0009648533
0.0009648533
0.0009648533
0.0009648533
0.0009648533
0.0009648533
0.0035108873
0.0009648533
0.0009648533
0.014578036
0.0009648533
0.002154241
0.0019211767
0.0018171378
0.0021904495
0.0019084349
0.0012860623
0.0009648533
0.0009648533
0.0009648533
0.0009648533
0.0009648533
0.0009648533
0.0009648533
0.0009648533
0.0009648533
0.0013660651
0.0066091064
0.0009648533
0.0009648533
0.0009648533
0.0030991267
0.0009648533
0.0009648533
0.0013962614
0.0013765136
0.0013163133
0.00254336
0.0010865461
0.0011700324
0.0014329099
0.0009648533
0.0009648533
0.0010408612
0.0010058662
0.0009648533
0.0009648533
0.0009648533
0.0009648533
0.0009648533
0.0009648533
0.0009648533
0.0038084232
0.0010017391
0.0009648533
0.0014529119
0.0009648533
0.0009648533
0.0009648533
0.0009648533
0.005244227
0.0009648533
0.0009648533
0.0010766392
0.0009648533
0.0009648533
0.0009648533
0.0009648533
0.0009648533
0.008440653
0.0009648533
0.0009648533
0.0009648533
0.0009648533
0.0010294778
0.0013917946
0.0009648533
0.0010521516
0.0013988154
0.0016184126
0.0009648533
0.0011870867
0.0009648533
0.0011190594
0.0009648533
0.0009648533
0.0014624554
0.0034709626
0.001393952
0.0009648533
0.005415539
0.0009648533
0.002858413
0.0014828426
0.0009648533
0.001295224
0.0011618172
0.0009648533
0.0009648533
0.0015059866
0.0009648533
0.005478657
0.0009648533
0.0010010487
0.0009648533
0.0009648533
0.0009648533
0.0009648533
0.0015913593
0.0009648533
0.0009648533
0.0015517288
0.0009648533
0.0009648533
0.0009648533
0.001051691
0.0009825269
0.0009648533
0.0009648533
0.0010110972
0.0009648533
0.0009648533
0.0009648533
0.0009648533
0.0009648533
0.012898745
0.0009648533
0.0010642542
0.001212078
0.0009648533
0.0009648533
0.0009648533
0.0009648533
0.0009648533
0.0077637057
0.0009648533
0.0009648533
0.0009648533
0.0023315772
0.0009648533
0.0009648533
0.0010399831
0.0015041607
0.005274908
0.0048802434
0.0009648533
0.0009648533
0.0016748123
0.0009648533
0.0011775419
0.0009648533
0.0009648533
0.0010809555
0.0009648533
0.0009648533
0.0009648533
0.0009648533
0.0009648533
0.0009648533
0.009928016
0.0019448237
0.0009648533
0.0009648533
0.0009648533
0.0015813035
0.0009648533
0.0009648533
0.0009648533
0.0011499588
0.0015776445
0.0017231699
0.0009648533
0.0009648533
0.0009648533
0.0015424702
0.0037670257
0.0009648533
0.0011428469
0.0009648533
0.0009648533
0.0009648533
0.0012101497
0.0009648533
0.0009648533
0.0009648533
0.0009648533
0.0009648533
0.0010065784
0.0009648533
0.0009648533
0.0009648533
0.0009648533
0.0009648533
0.0009648533
0.0009648533
0.001137158
0.0009648533
0.0009648533
0.0011371966
0.0009648533
0.0017983536
0.0009648533
0.0009648533
0.0009648533
0.0035596848
0.0009766156
0.0009648533
0.0009648533
0.0014419497
0.0009648533
0.0034433142
0.0009859802
0.0012644178
0.0009648533
0.0011391633
0.0036517426
0.0009648533
0.0009648533
0.0015400625
0.0009648533
0.0010338041
0.0009648533
0.0014422634
0.0009648533
0.0009648533
0.0018898553
0.0009648533
0.0034778968
0.0009648533
0.0011307659
0.0009648533
0.0009648533
0.0009648533
0.0009648533
0.0009648533
0.0009648533
0.0026379267
0.0009648533
0.0009648533
0.0009648533
0.0009648533
0.0009648533
0.0017171116
0.0009648533
0.0009648533
0.0021947988
0.001412945
0.001399935
0.0009648533
0.0009648533
0.0012854357
0.0009648533
0.0066901725
0.0009648533
0.000976222
0.0009648533
0.0010805777
0.0009648533
0.0016113182
0.0009648533
0.0009648533
0.0009648533
0.0009648533
0.0009810115
0.0020364432
0.0024067617
0.0009648533
0.0009648533
0.0015500322
0.0011487264
0.001051036
0.0009648533
0.0009648533
0.0019694215
0.0009648533
0.0009648533
0.0012198439
0.0009648533
0.0009648533
0.0009648533
0.0009648533
0.0009648533
0.0009648533
0.0009648533
0.0050925417
0.0009648533
0.0009648533
0.001743445
0.004805145
0.0009648533
0.0010826946
0.0009648533
0.0009648533
0.001446188
0.001573519
0.0010217563
0.0009648533
0.0013342934
0.0009648533
0.0009648533
0.0010398215
0.0010192731
0.0009648533
0.0014155059
0.0036132156
0.0042498545
0.0009648533
0.0009648533
0.0009648533
0.0009648533
0.0009735869
0.0009648533
0.0009648533
0.0022205536
0.0009648533
0.0009648533
0.0009648533
0.0026371353
0.0009808
0.0009648533
0.0012319672
0.0010442636
0.0011417794
0.0009648533
0.0009648533
0.0009648533
0.0009648533
0.0009648533
0.0017662342
0.0009648533
0.0016127718
0.0009648533
0.0011584979
0.0009648533
0.0009648533
0.0009648533
0.0011547244
0.0009648533
0.0010105892
0.0016234709
0.0009648533
0.0009648533
0.0009648533
0.0009648533
0.0016151706
0.00096663233
0.0009648533
0.0013169053
0.015429751
0.0009648533
0.0009648533
0.0009648533
0.0009648533
0.0023294375
0.0009648533
0.0009648533
0.0021594595
0.0009648533
0.0019936857
0.0012153463
0.0011391552
0.0009648533
0.0015579878
0.0025095101
0.0009648533
0.0022066536
0.0009648533
0.0009648533
0.0009648533
0.0012196869
0.0009648533
0.0048972336
0.0009648533
0.001804889
0.0009648533
0.0014607857
0.0012872987
0.0009648533
0.004453316
0.0011652109
0.0009648533
0.0009648533
0.0013015127
0.0009648533
0.0010867061
0.0009648533
0.0011831941
0.0011053066
0.0009648533
0.0009648533
0.0009648533
0.0009648533
0.0018513482
0.0009648533
0.0009648533
0.0011531035
0.0009648533
0.0026199555
0.0012394235
0.003037268
0.0016766422
0.0009648533
0.0009648533
0.0009648533
0.0009648533
0.0022341404
0.0009648533
0.0009648533
0.0009648533
0.0009648533
0.0009648533
0.0009648533
0.0009648533
0.0009648533
0.0020067606
0.0009648533
0.0009648533
0.0009648533
0.002706084
0.0014018953
0.0009648533
0.0009648533
0.0027830256
0.0011296641
0.0009648533
0.0009648533
0.0009648533
0.001171071
0.0009805734
0.001177584
0.0009648533
0.0009648533
0.0010712474
0.0009648533
0.0009648533
0.0009648533
0.0009648533
0.0011806779
0.0012977653
0.0009648533
0.0009648533
0.0009648533
0.0009648533
0.0009648533
0.0009648533
0.0009648533
0.0009648533
0.0009648533
0.0009648533
0.0009648533
0.0048620575
0.0018226565
0.0009648533
0.0009648533
0.0009648533
0.0011563993
0.0009648533
0.0009648533
0.0009648533
0.0009648533
0.0014973461
0.0018255841
0.0011735718
0.0009648533
0.0013502951
0.0009648533
0.0011404494
0.0009648533
0.0010997038
0.0009648533
0.0014762059
0.0009648533
0.0012007013
0.0015138059
0.0009648533
0.0009648533
0.0009648533
0.0026692257
0.0017343351
0.0011876984
0.0009648533
0.0023437645
0.0012554935
0.0020510412
0.0009648533
0.0009648533
0.0010448656
0.0012810718
0.0009648533
0.0009648533
0.0015593806
0.0009648533
0.0009648533
0.0017795009
0.0009648533
0.0009648533
0.0009648533
0.0015257319
0.0010117711
0.0009648533
0.0048047686
0.00096982176
0.0009648533
0.0009648533
0.0009648533
0.0009648533
0.0009648533
0.0009648533
0.0009648533
0.0009648533
0.0032914446
0.0009648533
0.0025360833
0.0015555122
0.0009648533
0.0009648533
0.0009648533
0.0022413598
0.0009648533
0.0009648533
0.0009648533
0.0016050952
0.0023765212
0.0009648533
0.001542324
0.0009711143
0.0009648533
0.0009648533
0.00097642816
0.0009648533
0.0009648533
0.0009648533
0.0009648533
0.0015386342
0.0009648533
0.0009648533
0.0009648533
0.0038429345
0.0009648533
0.0009648533
0.0009648533
0.0009648533
0.0009648533
0.0009648533
0.0009648533
0.002481506
0.0009672219
0.0009648533
0.0009648533
0.0015788663
0.0014278514
0.0042293603
0.0009648533
0.0009648533
0.0010024408
0.0022122788
0.0014927747
0.0009648533
0.0009648533
0.0009648533
0.0009648533
0.0015413674
0.0009648533
0.0009648533
0.001643019
0.0009648533
0.002432927
0.0009648533
0.0009648533
0.0009648533
0.0021745346
0.0009648533
0.0015255451
0.0009648533
0.0009648533
0.0009648533
0.0009648533
0.0009648533
0.0009648533
0.0009648533
0.0009648533
0.0009692236
0.0009648533
0.0009648533
0.0015910564
0.0014809634
0.0018238244
0.0014096093
0.001266401
0.0009648533
0.0009648533
0.0009648533
0.0009648533
0.0009648533
0.0009648533
0.0009648533
0.0009648533
0.0009648533
0.0009648533
0.0009648533
0.0029773288
0.0009648533
0.0009648533
0.0009648533
0.0009648533
0.0019084131
0.0009648533
0.003974623
0.0009648533
0.0015238393
0.0011351267
0.0009648533
0.0016783167
0.0034331097
0.0009648533
0.0009648533
0.0009648533
0.0009648533
0.0009648533
0.0021519677
0.0017070766
0.0009648533
0.0009648533
0.0009648533
0.0009648533
0.0009648533
0.0014670981
0.0009877186
0.0009648533
0.0029221326
0.0009648533
0.0009648533
0.0012670628
0.0009648533
0.0009648533
0.0009648533
0.0044253794
0.001112308
0.0009648533
0.0009648533
0.0009648533
0.0009648533
0.0009648533
0.0009648533
0.0013247387
0.0012353426
0.0011785306
0.0009648533
0.0009648533
0.0009648533
0.0009648533
0.0009648533
0.0009648533
0.001965243
0.0009648533
0.0011567593
0.0009648533
0.0019220556
0.0009648533
0.0009648533
0.0011488058
0.0009648533
0.0009648533
0.0009648533
0.0009648533
0.0009648533
0.0009648533
0.0009648533
0.0009648533
0.002606901
0.0010582705
0.0009648533
0.0009814093
0.0009648533
0.0009648533
0.0009648533
0.0032616698
0.0028646963
0.0009648533
0.0009648533
0.0009648533
0.001418957
0.0009648533
0.001178012
0.0011125576
0.0009648533
0.0009648533
0.0009648533
0.0009648533
0.0009648533
0.0009648533
0.0009648533
0.0009648533
0.0009684292
0.0009648533
0.0009648533
0.0009648533
0.007655819
0.0009648533
0.0009648533
0.0009648533
0.0014521144
0.0011230038
0.0009648533
0.0011955262
0.0009648533
0.0009648533
0.0009648533
0.0009648533
0.0009648533
0.0009648533
0.001061756
0.0009648533
0.0009648533
0.0013704606
0.0009648533
0.0009946319
0.0009648533
0.0009648533
0.0010166822
0.0011725912
0.0009648533
0.0009648533
0.0009648533
0.0009648533
0.0009648533
0.0009648533
0.02329782
0.0025913934
0.0009648533
0.0009648533
0.0009648533
0.0009648533
0.0020519285
0.0014759416
0.0009648533
0.001226528
0.0019538836
0.0009648533
0.0009648533
0.0009648533
0.0009648533
0.0009648533
0.0009648533
0.0018421971
0.0009648533
0.00097293966
0.0011785447
0.0009648533
0.0009648533
0.0012891692
0.0009648533
0.0011414194
0.0011056104
0.0012534418
0.0009648533
0.0010019487
0.0010356032
0.0009648533
0.0009648533
0.0014881677
0.0009648533
0.0009648533
0.0009648533
0.0009648533
0.0009648533
0.0009648533
0.0010764279
0.0009648533
0.0011632025
0.0009648533
0.0010717736
0.0012357268
0.001135424
0.0015174111
0.0010952251
0.0009648533
0.0009648533
0.0024085292
0.0009648533
0.002761769
0.0009648533
0.0009648533
0.0009648533
0.0009648533
0.0010806348
0.0009648533
0.0009648533
0.0009648533
0.0009648533
0.0009648533
0.0011894495
0.0019484245
0.0009648533
0.0010559341
0.0009648533
0.0009648533
0.0013080512
0.002298768
0.0053386204
0.0009648533
0.0009648533
0.0009648533
0.0009648533
0.001066026
0.0009648533
0.0009648533
0.0010682468
0.0009648533
0.0009648533
0.0009648533
0.0009648533
0.0009648533
0.005389075
0.0009648533
0.001453347
0.0009648533
0.0009648533
0.003706862
0.0009648533
0.0009648533
0.0015150994
0.0009648533
0.0011874072
0.0009648533
0.0009648533
0.0017065922
0.0009648533
0.0020733045
0.0009648533
0.0009648533
0.0013095771
0.0009648533
0.0009648533
0.0009648533
0.001834155
0.0009648533
0.001805017
0.0009648533
0.0009769622
0.0009648533
0.0010676383
0.0009648533
0.0009648533
0.001373388
0.0009648533
0.0016202674
0.0009648533
0.0009648533
0.0013326133
0.0009648533
0.0009648533
0.0009648533
0.0015001384
0.0014718124
0.0009648533
0.0009648533
0.0009648533
0.001304622
0.0013959197
0.0009648533
0.0011346239
0.0009648533
0.0013079391
0.0012325288
0.020107483
0.0009648533
0.0015612972
0.0009648533
0.0009648533
0.0013841446
0.0009648533
0.0034149918
0.0018771653
0.0016651454
0.0009648533
0.0009648533
0.0009648533
0.0009648533
0.0009648533
0.0009648533
0.0009648533
0.001887139
0.0009648533
0.0009648533
0.0009648533
0.0009648533
0.0009648533
0.0010437927
0.0009648533
0.0010143849
0.001214416
0.0009648533
0.001040607
0.0009648533
0.0033132192
0.0015236333
0.0012861915
0.0009648533
0.0011004589
0.0009648533
0.0009648533
0.0013643679
0.0009648533
0.0009648533
0.0009648533
0.0009648533
0.0013763668
0.0009648533
0.0009648533
0.0013227938
0.0009648533
0.0009648533
0.0009648533
0.001846163
0.0014335676
0.0022560498
0.0011861592
0.0012918371
0.002571219
0.0022344815
0.0011454665
0.0009648533
0.0030033235
0.0009648533
0.0009648533
0.0009648533
0.0009648533
0.0009648533
0.0009648533
0.0014656961
0.0009648533
0.0009648533
0.0023251749
0.0009648533
0.0009648533
0.0014311648
0.0016993305
0.0038076292
0.0009648533
0.004669006
0.0009648533
0.0031563311
0.0009648533
0.0009648533
0.0009648533
0.0009648533
0.0009648533
0.0009648533
0.0009648533
0.0009648533
0.0009648533
0.0011619726
0.0009648533
0.0034296983
0.0009648533
0.0009648533
0.0009648533
0.0009648533
0.0009648533
0.0015003884
0.0009860068
0.0010715439
0.0009648533
0.0009648533
0.001491986
0.0009648533
0.0012621442
0.0009648533
0.0009648533
0.0009648533
0.0009648533
0.026545903
0.0010211851
0.0039005075
0.0009648533
0.0009648533
0.0039970954
0.0012648936
0.0009648533
0.0009648533
0.0009648533
0.0009648533
0.0011481149
0.001083677
0.0014828747
0.0011893598
0.0013875953
0.0009648533
0.0011286798
0.0009648533
0.0014280219
0.0015373784
0.0013860117
0.0011714636
0.0009648533
0.0009648533
0.0009648533
0.0009648533
0.001058205
0.0009648533
0.0009648533
0.0009648533
0.0009648533
0.0009648533
0.0009648533
0.0013333656
0.0034218617
0.0027262594
0.0009648533
0.0009648533
0.0009648533
0.001644325
0.0009648533
0.005437122
0.0010915061
0.0009648533
0.0010510435
0.0014953192
0.0014141841
0.0009648533
0.0009648533
0.0028413988
0.0009648533
0.0023804214
0.0022187065
0.0009648533
0.0009648533
0.0020713895
0.0009648533
0.0010042498
0.0030967526
0.0009648533
0.0009648533
0.0009648533
0.0009648533
0.0029242767
0.0009648533
0.0009648533
0.002079943
0.0018243731
0.004536078
0.0016186091
0.0017807673
0.0009648533
0.0009648533
0.0009648533
0.0010504979
0.0009648533
0.0009648533
0.0009648533
0.0009648533
0.0021800385
0.0018541941
0.0009648533
0.0009648533
0.0009648533
0.0024260024
0.0009648533
0.0009648533
0.0046514524
0.0009648533
0.0009648533
0.0009648533
0.0009648533
0.0009648533
0.0009648533
0.0009648533
0.0011280538
0.0009648533
0.0012899652
0.0015803388
0.0009648533
0.0009648533
0.0009648533
0.0009648533
0.001079788
0.0009648533
0.0009648533
0.0011261234
0.0009648533
0.0012616556
0.0009648533
0.0009648533
0.0009648533
0.0009648533
0.0009648533
0.0019589374
0.0009648533
0.0009648533
0.0009648533
0.0009648533
0.0009911705
0.0009648533
0.0009648533
0.020012656
0.0009648533
0.0009648533
0.006950219
0.0033236772
0.0009648533
0.0009648533
0.0009648533
0.001061405
0.0009648533
0.0014473825
0.0009648533
0.0021173279
0.0009648533
0.0009648533
0.0010028266
0.0009648533
0.0009648533
0.0012556566
0.0009648533
0.0009648533
0.00607078
0.00191316
0.0009648533
0.0009648533
0.0009648533
0.0009984504
0.0009648533
0.0015847062
0.0010410106
0.0009648533
0.0014503027
0.0009648533
0.0009648533
0.0009648533
0.0011341437
0.0011483184
0.0009648533
0.0009648533
0.0009648533
0.0010048979
0.0027200372
0.0009648533
0.0009648533
0.0009648533
0.0009648533
0.0009648533
0.0009648533
0.0009648533
0.0009648533
0.002569345
0.0009648533
0.0009648533
0.0010980567
0.0009648533
0.0009648533
0.0009648533
0.0018151384
0.0014552965
0.0009648533
0.0009648533
0.0009648533
0.0009648533
0.0009648533
0.0010190319
0.008580357
0.0009648533
0.0009648533
0.0009648533
0.0017344109
0.0009648533
0.0009648533
0.0009648533
0.0009648533
0.0009648533
0.0009648533
0.0010858048
0.0009648533
0.0009648533
0.0009648533
0.0009648533
0.0010293998
0.0017435952
0.0009648533
0.0009648533
0.0009648533
0.0014902515
0.001479806
0.0009945049
0.0019910668
0.0013660204
0.0009648533
0.0009648533
0.0009648533
0.0017566594
0.0009648533
0.0015460147
0.001676496
0.0009648533
0.0009648533
0.0010806898
0.0009648533
0.0009648533
0.0010058365
0.0009648533
0.0009648533
0.0013405439
0.0009648533
0.0009648533
0.0009648533
0.004788227
0.0009648533
0.0009648533
0.0009648533
0.0012239214
0.0009648533
0.0017028353
0.0009899744
0.0009648533
0.0012226212
0.0009648533
0.0015056791
0.0009648533
0.001193908
0.0009648533
0.0025813987
0.0010122007
0.0009648533
0.0011681654
0.0009648533
0.002920009
0.0036239815
0.0010176265
0.0015801536
0.0010475173
0.0011488501
0.0009648533
0.0009648533
0.0009648533
0.0010398894
0.0009648533
0.0011903346
0.0009648533
0.0020423643
0.0009648533
0.0009648533
0.0009648533
0.0026143256
0.0009648533
0.0009648533
0.0022670664
0.0009648533
0.0020438149
0.0009648533
0.0033581962
0.0009648533
0.002056189
0.0009648533
0.0018775915
0.0009648533
0.0009648533
0.0009648533
0.0009648533
0.0009648533
0.0024030337
0.0009648533
0.0009648533
0.0009648533
0.0009648533
0.0012410277
0.0009648533
0.0009648533
0.0009648533
0.0031766787
0.0009648533
0.0009648533
0.0009648533
0.0009648533
0.0019630827
0.0009648533
0.0015815587
0.0014874273
0.0009648533
0.0014142873
0.0025937867
0.0009648533
0.0009648533
0.0009648533
0.0009648533
0.0009648533
0.0009648533
0.0009648533
0.0031249272
0.0013505478
0.010864287
0.0014725806
0.0014401897
0.003554005
0.0009648533
0.0009648533
0.0012081641
0.0014373919
0.0018689478
0.0009648533
0.0009648533
0.0009648533
0.0021746184
0.0009648533
0.0009648533
0.0009648533
0.0009648533
0.0013939375
0.0009965403
0.0009648533
0.0009648533
0.0010828788
0.0070108855
0.0035692556
0.0009648533
0.0009648533
0.0009648533
0.0009648533
0.0009648533
0.0009648533
0.0009648533
0.0009648533
0.0009648533
0.0009648533
0.0009843586
0.0009648533
0.0012007785
0.0009648533
0.0009648533
0.0039568013
0.0009648533
0.0009648533
0.0009648533
0.0011771567
0.00097445044
0.0009648533
0.0036236856
0.0013598185
0.0018341291
0.0009648533
0.0011169886
0.0009648533
0.0015108155
0.0013201049
0.0013306456
0.0009648533
0.0009648533
0.0013378471
0.0009648533
0.0009648533
0.001142936
0.0009648533
0.0010348286
0.0013885337
0.0009648533
0.0035205067
0.0011117741
0.0073984046
0.0009648533
0.0009648533
0.0010131525
0.0009648533
0.0009648533
0.0059843906
0.0018069304
0.0018893254
0.0009648533
0.0009648533
0.0012459761
0.003691765
0.0009648533
0.0009648533
0.0012863838
0.0037337348
0.0010950989
0.0010487869
0.0013094491
0.0009648533
0.0009648533
0.0019037031
0.0009648533
0.0024510787
0.0010944575
0.0009648533
0.0009648533
0.0009648533
0.0009648533
0.0012389943
0.0016047017
0.0022517391
0.0009648533
0.0009648533
0.0011567804
0.0013017817
0.0009648533
0.0009648533
0.0025029108
0.0009648533
0.001307852
0.0013203628
0.0009648533
0.0009648533
0.0009648533
0.0009648533
0.0009648533
0.0009648533
0.0009648533
0.0009648533
0.0018791534
0.0009648533
0.006019615
0.002917439
0.0009648533
0.0010469566
0.0009648533
0.0009648533
0.0009648533
0.0009648533
0.0009648533
0.0014453522
0.001169195
0.0010058441
0.0013450563
0.0013231535
0.0009648533
0.0009648533
0.0009648533
0.0009648533
0.0009648533
0.0026061633
0.0010181904
0.0013658317
0.0009648533
0.0012077689
0.0009648533
0.0009648533
0.0009648533
0.002106981
0.0024439923
0.0013464823
0.0009648533
0.0009648533
0.0009648533
0.0022205303
0.0009648533
0.0009648533
0.0011712752
0.0009648533
0.0009648533
0.0009648533
0.0009648533
0.0019421997
0.0009648533
0.0015249025
0.0010645046
0.0009648533
0.0009648533
0.0018254938
0.0015989695
0.0013156834
0.0009648533
0.0009648533
0.0009648533
0.0009648533
0.0009648533
0.0014363532
0.0009648533
0.0009648533
0.0009648533
0.0009648533
0.001089413
0.0015377004
0.0016386432
0.0011170438
0.0009648533
0.0019315548
0.002145486
0.0009648533
0.0009648533
0.0010302122
0.0009648533
0.0015592937
0.0009648533
0.0009648533
0.0010759787
0.0009648533
0.0009648533
0.0009648533
0.0009648533
0.0028717946
0.0009829792
0.0009648533
0.0014301558
0.0009648533
0.0013088015
0.0018889911
0.0009648533
0.0012382376
0.0012404688
0.0021371727
0.0009648533
0.0017780385
0.0009648533
0.0009648533
0.0009648533
0.0009648533
0.0009648533
0.0009648533
0.0009648533
0.0009648533
0.0014791277
0.0015040698
0.0009882951
0.0034153634
0.0009648533
0.0010958638
0.0009648533
0.00461678
0.0009648533
0.0009648533
0.0012628933
0.0009648533
0.0009648533
0.0009648533
0.0024396426
0.0009648533
0.0009909502
0.0009648533
0.0009648533
0.0010044565
0.0016219907
0.0033566148
0.0009648533
0.0009648533
0.0009648533
0.0009648533
0.0020755266
0.0009751921
0.0009648533
0.0009648533
0.0009648533
0.0022226362
0.0011162227
0.0009648533
0.0009648533
0.0013122231
0.0009648533
0.0009648533
0.0015237398
0.0010507471
0.0009648533
0.0009648533
0.0013974181
0.0038253667
0.0009648533
0.0045299926
0.0040077935
0.0009648533
0.0009648533
0.0009648533
0.0009648533
0.002035746
0.0020469297
0.0009648533
0.0009648533
0.0009648533
0.0009648533
0.0009648533
0.0009648533
0.001115035
0.0009648533
0.0009648533
0.0009648533
0.0009648533
0.0009648533
0.0009648533
0.0012879285
0.0009648533
0.0009648533
0.001775373
0.0015169698
0.0009648533
0.0011015575
0.0009648533
0.0009648533
0.0009648533
0.0009648533
0.0009648533
0.0009648533
0.0009648533
0.0009648533
0.0009648533
0.0009648533
0.0019912755
0.0009648533
0.0009913108
0.0013819016
0.0009648533
0.0011095918
0.0009648533
0.0009648533
0.0009648533
0.0009648533
0.0009648533
0.0009648533
0.0009648533
0.0009648533
0.00536071
0.0009648533
0.001486996
0.0014118635
0.0036844448
0.0009648533
0.0009648533
0.0009648533
0.0009648533
0.0009648533
0.0009648533
0.0009648533
0.0009648533
0.0013786869
0.0009648533
0.0009648533
0.0009648533
0.0009648533
0.0009648533
0.0014008236
0.003469818
0.0009648533
0.0013245385
0.0015621998
0.0009648533
0.0010672926
0.0009648533
0.0009648533
0.0009648533
0.0009648533
0.0009648533
0.0009648533
0.002196632
0.0009648533
0.0009648533
0.0009648533
0.0009648533
0.0009648533
0.0015140661
0.0010089182
0.0012723203
0.0010344235
0.0009648533
0.0009648533
0.0009648533
0.0009648533
0.0009648533
0.0009648533
0.0011826409
0.0009648533
0.0009648533
0.0009648533
0.0009648533
0.0009648533
0.0011164938
0.0009648533
0.0013768584
0.0009648533
0.0009648533
0.0012465768
0.0009866685
0.0009648533
0.0009648533
0.0010570982
0.0009648533
0.0009648533
0.0009648533
0.0011260465
0.0009648533
0.0009648533
0.0009648533
0.0011736093
0.0012037389
0.0009648533
0.0009648533
0.0009648533
0.0009648533
0.0009648533
0.0009648533
0.0009648533
0.0009648533
0.0009648533
0.0009648533
0.0009648533
0.0009648533
0.0019118567
0.0009648533
0.0024461104
0.0009648533
0.0016940525
0.0009648533
0.0009648533
0.0009648533
0.0011331333
0.0009648533
0.0009648533
0.0009648533
0.0009648533
0.0015704155
0.0009648533
0.0013830054
0.0012687753
0.0009648533
0.0013206594
0.0009648533
0.0010971391
0.0009648533
0.0016349186
0.0015131386
0.0009648533
0.0009648533
0.0009648533
0.0009648533
0.0009879143
0.0009648533
0.0009648533
0.0009648533
0.0009648533
0.0009648533
0.0009648533
0.0009648533
0.0032096074
0.0009648533
0.062361725
0.0022149854
0.0009648533
0.03128919
0.0009648533
0.0009648533
0.0017840686
0.0009648533
0.0009648533
0.0009648533
0.0030893541
0.0012122189
0.0009648533
0.0009648533
0.0010927452
0.0019085637
0.0009648533
0.0009648533
0.0009648533
0.0023452
0.0013799577
0.0009648533
0.0011449079
0.0009648533
0.0014103524
0.0009648533
0.0009648533
0.001808375
0.0009648533
0.0009648533
0.0017774343
0.012760779
0.0009648533
0.0015436155
0.01662901
0.0009648533
0.0009648533
0.0009879688
0.0017299313
0.0010850059
0.0014173059
0.0009648533
0.0012444474
0.0011301566
0.0015083079
