4.2226602e-05
4.816606e-05
0.000116091884
4.2226602e-05
8.073088e-05
4.2226602e-05
4.2226602e-05
4.222661e-05
4.2226602e-05
4.2226602e-05
4.2226602e-05
8.7096276e-05
5.8610694e-05
4.2226606e-05
4.2226606e-05
5.140306e-05
4.2226602e-05
7.197183e-05
4.2226602e-05
4.2226602e-05
4.2226606e-05
4.2226606e-05
4.2226602e-05
4.2226602e-05
4.2226617e-05
4.2226606e-05
5.3886302e-05
4.2226606e-05
4.2226602e-05
0.00010697336
4.2226606e-05
4.2226602e-05
4.2226602e-05
4.2226602e-05
4.2226606e-05
4.2226602e-05
7.036369e-05
4.2226606e-05
0.00020703144
7.656983e-05
4.2226606e-05
4.2226602e-05
4.2226606e-05
4.2226602e-05
4.2226606e-05
0.00033965678
4.2226602e-05
4.2226602e-05
4.601051e-05
4.8201025e-05
7.014808e-05
4.2226602e-05
4.638621e-05
4.2226602e-05
4.2226602e-05
4.2226602e-05
4.2226606e-05
4.7590496e-05
4.2226602e-05
4.2226602e-05
4.2226602e-05
4.2226602e-05
4.2226602e-05
4.2226602e-05
4.2226602e-05
8.800155e-05
4.2226602e-05
9.625956e-05
0.00010813088
4.2226602e-05
4.2226602e-05
4.2226602e-05
7.7767625e-05
4.2226602e-05
4.222661e-05
4.2226602e-05
4.2226602e-05
4.2226602e-05
4.2226617e-05
4.2226602e-05
6.6803885e-05
4.2226602e-05
4.222661e-05
7.0541275e-05
4.6965077e-05
5.113269e-05
4.2226602e-05
4.2226606e-05
4.2226602e-05
6.771031e-05
5.367095e-05
8.313448e-05
4.2226602e-05
4.2226606e-05
4.2226602e-05
4.2226602e-05
4.2226602e-05
4.2226602e-05
0.0010284319
4.2226602e-05
5.794239e-05
4.2226602e-05
4.2226606e-05
4.2226602e-05
4.9274833e-05
0.00016679682
4.2226606e-05
4.2226606e-05
8.61126e-05
4.2226606e-05
4.2226602e-05
8.4752995e-05
4.2226602e-05
5.881806e-05
4.330595e-05
4.2226602e-05
4.2226613e-05
4.2226606e-05
5.839795e-05
4.2226602e-05
4.2226602e-05
4.2226602e-05
4.2226602e-05
4.2226602e-05
4.4120654e-05
4.2226613e-05
4.2226602e-05
4.6360296e-05
6.582835e-05
4.2226602e-05
4.688311e-05
4.2226602e-05
5.1958687e-05
5.726509e-05
0.000106687316
4.2226602e-05
4.2226602e-05
4.2226602e-05
5.4907927e-05
4.2226602e-05
6.0766855e-05
4.2226602e-05
4.8414007e-05
4.2226602e-05
4.2226602e-05
4.2226602e-05
4.2226602e-05
4.2226602e-05
4.2226606e-05
4.2226606e-05
4.2226602e-05
4.2226602e-05
4.2226602e-05
4.2226602e-05
4.2226602e-05
4.2226602e-05
4.2226606e-05
4.2226606e-05
5.2564417e-05
4.2226602e-05
5.1886906e-05
5.9364724e-05
4.493638e-05
4.2226602e-05
4.2226602e-05
5.51822e-05
4.2226602e-05
4.2226602e-05
4.8056696e-05
4.2226602e-05
4.2226602e-05
0.00017798625
5.1029874e-05
4.2226602e-05
4.2226602e-05
4.2226602e-05
4.2226606e-05
4.2226602e-05
4.3206215e-05
4.3616506e-05
4.2226602e-05
4.2226606e-05
4.2226602e-05
5.335837e-05
4.463426e-05
9.42338e-05
0.00010341544
0.00012790196
4.339461e-05
6.639608e-05
4.2226602e-05
4.2523217e-05
4.2226606e-05
5.5080865e-05
4.2226602e-05
4.2226602e-05
4.2226602e-05
5.7259353e-05
4.2226602e-05
4.2226602e-05
4.2226602e-05
4.222661e-05
0.0002449024
4.2226606e-05
4.2226602e-05
4.2226602e-05
4.2226628e-05
0.0001019568
4.2226606e-05
4.2226602e-05
4.2226602e-05
4.2226602e-05
0.00010445109
4.3765263e-05
0.00010808995
4.2226602e-05
6.733223e-05
0.00018068105
4.2226606e-05
4.463677e-05
4.2226602e-05
6.9126305e-05
4.2226602e-05
4.2226602e-05
4.2226602e-05
4.2226602e-05
4.2226602e-05
4.2226602e-05
4.2226602e-05
9.479146e-05
8.281416e-05
8.805731e-05
7.585466e-05
4.222661e-05
0.00015495614
0.00010746618
7.1860144e-05
4.2226602e-05
4.2226602e-05
4.2226602e-05
4.2226606e-05
4.4977623e-05
6.226995e-05
4.2226602e-05
7.435462e-05
4.2226602e-05
6.7975256e-05
4.449758e-05
4.2226602e-05
4.2226602e-05
4.2226602e-05
5.2484447e-05
9.864148e-05
4.912402e-05
4.2226613e-05
4.2226606e-05
7.017468e-05
4.2226602e-05
4.613387e-05
4.2226602e-05
4.2226602e-05
4.559509e-05
4.2226606e-05
6.476684e-05
4.2226602e-05
0.00022790936
4.2226602e-05
4.2226602e-05
4.2226602e-05
5.0077902e-05
4.2226602e-05
4.2226602e-05
4.2226602e-05
4.2226602e-05
4.2226602e-05
5.8066602e-05
4.2226602e-05
4.2226602e-05
5.1657025e-05
4.2226606e-05
5.9844704e-05
4.2226602e-05
4.2226602e-05
4.2226602e-05
4.4488657e-05
4.2226602e-05
5.1900213e-05
4.2226602e-05
4.2226602e-05
4.2226602e-05
4.2226602e-05
4.259992e-05
4.2226602e-05
4.2226602e-05
4.2226606e-05
7.4293865e-05
4.2226602e-05
0.0003126388
4.2226606e-05
0.00021098788
4.2226602e-05
5.5795605e-05
4.2226602e-05
4.222661e-05
4.2226602e-05
4.58212e-05
0.00035354594
5.597188e-05
4.2226602e-05
4.2226602e-05
4.2226602e-05
0.00011223749
4.7248588e-05
4.2226602e-05
4.2226602e-05
6.950212e-05
0.00010273674
4.2226602e-05
4.2226606e-05
4.2226606e-05
5.3489643e-05
5.6654284e-05
5.4807315e-05
4.2226602e-05
4.2226602e-05
4.222661e-05
4.2226602e-05
5.062589e-05
4.2226602e-05
4.2226602e-05
6.9780515e-05
4.2226602e-05
4.2226602e-05
4.2226602e-05
4.2226602e-05
4.2226602e-05
4.2226606e-05
4.2226602e-05
4.222661e-05
4.2226602e-05
5.0362818e-05
4.2226602e-05
4.2226602e-05
4.3735814e-05
6.4650296e-05
4.2226606e-05
4.3766555e-05
6.953786e-05
4.2226602e-05
6.413331e-05
6.594054e-05
4.2226602e-05
5.8500373e-05
4.2226602e-05
4.2226602e-05
4.2226602e-05
4.2226606e-05
4.6259887e-05
5.399086e-05
4.2226602e-05
4.424866e-05
4.2226606e-05
4.2226602e-05
5.8096597e-05
7.237643e-05
4.8194957e-05
0.00022496429
6.461481e-05
4.2226606e-05
4.767934e-05
4.2226602e-05
4.2226602e-05
4.2226613e-05
4.2226602e-05
4.2226602e-05
4.2226606e-05
9.698593e-05
4.2226606e-05
4.2226602e-05
4.2226602e-05
5.6439592e-05
4.222661e-05
4.2226602e-05
4.2226613e-05
4.2226602e-05
4.2226602e-05
4.7737478e-05
4.2226602e-05
5.011664e-05
4.2226606e-05
0.00017422884
4.222661e-05
4.2226602e-05
4.222661e-05
4.2226602e-05
4.5815475e-05
0.00018446316
4.2226606e-05
4.2226602e-05
4.2226602e-05
8.8741865e-05
4.2226602e-05
5.191157e-05
4.5018893e-05
4.2226613e-05
4.2226602e-05
4.2226606e-05
4.2226602e-05
6.199035e-05
4.2226602e-05
4.2226602e-05
4.6813155e-05
0.00032379467
4.2226602e-05
6.043185e-05
4.2226602e-05
4.222661e-05
4.2226602e-05
4.448199e-05
7.6375174e-05
4.2226602e-05
4.2226602e-05
4.2226602e-05
4.2226602e-05
4.2226602e-05
4.2226602e-05
4.2226602e-05
4.2226602e-05
7.976883e-05
4.2226602e-05
4.2226602e-05
4.2226602e-05
4.2226602e-05
5.515943e-05
4.2226602e-05
4.2226606e-05
4.2226602e-05
4.2226602e-05
4.2226606e-05
4.2226602e-05
4.2226606e-05
5.1967763e-05
4.2226602e-05
4.2226602e-05
4.5430665e-05
4.935557e-05
4.2226606e-05
4.2226606e-05
4.2226602e-05
4.2226602e-05
8.5885826e-05
4.2226613e-05
4.2226602e-05
4.7188798e-05
4.721482e-05
4.915002e-05
4.2226602e-05
4.2226606e-05
0.00016268167
6.056145e-05
4.2226602e-05
4.2226602e-05
4.2226602e-05
4.9696137e-05
4.2226602e-05
4.2226602e-05
6.006142e-05
4.2226602e-05
4.2226602e-05
4.2226602e-05
4.2226602e-05
4.2226602e-05
5.4925637e-05
4.2568776e-05
4.2226602e-05
6.011808e-05
4.2226602e-05
6.14954e-05
4.2226602e-05
4.2226602e-05
5.3417883e-05
4.2226602e-05
4.5312903e-05
4.508544e-05
4.2226602e-05
4.2226602e-05
4.797145e-05
4.2226613e-05
4.2226602e-05
6.315553e-05
4.2226602e-05
4.2226602e-05
4.607087e-05
0.00013435452
4.2226606e-05
4.2226602e-05
4.2226602e-05
4.7906826e-05
4.222661e-05
4.2226602e-05
4.260208e-05
4.2508094e-05
4.2226602e-05
4.2226602e-05
4.2226602e-05
5.839466e-05
6.750457e-05
0.0001498118
5.1864106e-05
4.2226602e-05
4.2226606e-05
4.783069e-05
4.2226602e-05
4.2226606e-05
6.136574e-05
4.2226602e-05
4.2226602e-05
5.6681136e-05
5.5192944e-05
9.198625e-05
4.2226602e-05
4.2226602e-05
5.0642873e-05
4.2226602e-05
4.4720382e-05
5.6563287e-05
4.2226602e-05
4.2226606e-05
4.2226602e-05
4.2226602e-05
4.2226602e-05
7.5598786e-05
4.2226602e-05
4.974487e-05
4.2226602e-05
4.2226602e-05
4.2226606e-05
4.767588e-05
6.426455e-05
4.2226602e-05
8.359006e-05
0.00028993763
4.2226602e-05
4.2226602e-05
4.2226602e-05
4.2226602e-05
4.2226602e-05
0.00023836312
5.2878193e-05
6.42545e-05
4.2226602e-05
5.0529048e-05
4.2226602e-05
4.589912e-05
4.2226602e-05
0.00010302314
5.8398626e-05
4.2226602e-05
4.2226602e-05
4.2226602e-05
4.8431135e-05
7.921574e-05
5.543486e-05
4.2226602e-05
5.3687578e-05
5.202507e-05
4.2226602e-05
0.00024296826
0.0001256281
8.8874964e-05
4.2226606e-05
4.2226602e-05
5.6219607e-05
4.6198318e-05
4.2226602e-05
7.664259e-05
5.2160714e-05
4.2226602e-05
4.2226602e-05
4.2226602e-05
4.2226602e-05
4.2226602e-05
4.2226602e-05
4.2226602e-05
4.2226602e-05
6.649459e-05
0.00020961938
0.00015026274
4.2226606e-05
0.00010773724
4.2226602e-05
4.2226602e-05
4.2226606e-05
4.222661e-05
4.2226602e-05
4.2226602e-05
5.4960627e-05
5.964732e-05
7.27256e-05
4.2226602e-05
4.6483477e-05
4.2226602e-05
8.4825166e-05
5.243643e-05
4.2226602e-05
4.2226602e-05
9.0999245e-05
4.2226602e-05
4.222661e-05
4.2226602e-05
4.2226606e-05
4.2226613e-05
4.2226602e-05
4.2226602e-05
4.2226602e-05
8.94227e-05
4.2226602e-05
4.5414905e-05
4.2226602e-05
4.2226606e-05
4.2226602e-05
4.2226602e-05
4.222661e-05
4.2226602e-05
4.2226606e-05
4.2226602e-05
4.2226617e-05
5.9509515e-05
5.1781433e-05
4.2226602e-05
4.3748536e-05
6.434585e-05
4.2226602e-05
4.2226602e-05
4.2226602e-05
4.2226606e-05
4.2226602e-05
4.2226602e-05
0.00022421456
5.1788695e-05
0.00014805811
4.6345755e-05
6.985568e-05
7.752223e-05
4.2226602e-05
4.2226602e-05
4.2226606e-05
0.00010412557
4.2226602e-05
4.2226602e-05
4.2226602e-05
4.2226602e-05
4.2226602e-05
9.356498e-05
4.2226602e-05
5.177033e-05
4.2226602e-05
4.461857e-05
4.978297e-05
4.2226602e-05
0.000112615235
8.223448e-05
6.0832474e-05
4.2226602e-05
4.2226602e-05
4.2226602e-05
4.9182978e-05
9.0804184e-05
0.00015008396
4.2226602e-05
7.425784e-05
4.2226602e-05
4.2226602e-05
4.2226602e-05
4.2226602e-05
4.8538208e-05
4.2226602e-05
4.2226606e-05
4.222661e-05
0.00016823302
5.6684887e-05
4.4234897e-05
8.678908e-05
4.2226606e-05
7.035998e-05
4.2226602e-05
4.2226602e-05
4.2226602e-05
4.2226602e-05
7.664462e-05
4.2226602e-05
5.720518e-05
4.2226602e-05
4.4718916e-05
0.00014391192
4.2226602e-05
6.623767e-05
0.00015802965
4.293472e-05
4.33923e-05
7.1973955e-05
5.355737e-05
6.1181934e-05
4.2226602e-05
4.2226602e-05
4.2226602e-05
4.2226602e-05
0.0001854821
4.2226602e-05
4.2226602e-05
4.2226613e-05
4.5961224e-05
4.2226602e-05
4.2386557e-05
5.1025203e-05
6.9843154e-05
7.289108e-05
4.2226602e-05
4.2365424e-05
5.301758e-05
4.2226606e-05
4.2226602e-05
4.2226602e-05
4.2226602e-05
4.2226606e-05
4.2468026e-05
4.2226602e-05
4.2226602e-05
4.2226602e-05
7.8646604e-05
4.2226606e-05
4.2226602e-05
5.2584775e-05
4.7598733e-05
4.2226602e-05
0.00019393027
4.2226602e-05
5.350527e-05
4.2226602e-05
4.2226602e-05
4.222661e-05
5.5649656e-05
5.9168437e-05
6.787488e-05
4.2226606e-05
9.0159774e-05
4.2226602e-05
4.393749e-05
0.00019995889
4.2226606e-05
4.2226602e-05
5.068577e-05
4.2226602e-05
7.6746335e-05
4.2226602e-05
5.1263367e-05
4.2226602e-05
4.6741836e-05
4.2226602e-05
4.2226602e-05
4.2226602e-05
8.720224e-05
4.2226602e-05
4.2226613e-05
7.3124196e-05
4.2226602e-05
4.2226602e-05
6.4974716e-05
4.2226602e-05
4.2226602e-05
4.2226602e-05
4.2226606e-05
4.2226613e-05
7.582522e-05
0.00010472564
4.2226602e-05
4.2226602e-05
4.2226602e-05
4.2226602e-05
4.644861e-05
4.2226602e-05
4.222661e-05
4.2226606e-05
4.5122804e-05
0.00024734726
5.54614e-05
4.222661e-05
4.2226602e-05
4.2226602e-05
4.2226602e-05
0.00010928333
7.258507e-05
4.6582867e-05
4.2226602e-05
4.2226602e-05
6.0540668e-05
4.474441e-05
4.2226602e-05
8.628053e-05
0.00017167619
4.2226602e-05
5.912489e-05
4.2226602e-05
4.2226602e-05
7.947053e-05
4.3982833e-05
4.7686473e-05
4.2226602e-05
4.949881e-05
4.2226602e-05
4.2226602e-05
4.2226602e-05
4.2226602e-05
4.2226602e-05
4.2226602e-05
4.5627756e-05
4.2226602e-05
7.756002e-05
4.2226602e-05
4.2860684e-05
5.8829726e-05
5.442844e-05
4.2226602e-05
6.4005835e-05
5.9433998e-05
4.2226602e-05
4.2226602e-05
4.2226602e-05
4.2226606e-05
4.2226642e-05
4.9689355e-05
4.483388e-05
6.581676e-05
0.0002951556
4.2226602e-05
4.423363e-05
4.2226602e-05
4.2226602e-05
4.2226602e-05
4.2589036e-05
4.2226602e-05
4.2226602e-05
4.2226602e-05
4.2226602e-05
4.2226606e-05
4.5100067e-05
4.2226602e-05
8.8411856e-05
4.2226606e-05
4.2226602e-05
4.2226602e-05
5.2124375e-05
4.2226602e-05
6.5262815e-05
5.4383298e-05
4.6436828e-05
4.9852082e-05
4.2226602e-05
4.2226602e-05
4.2226602e-05
4.2226602e-05
4.2226606e-05
4.2226602e-05
4.2226602e-05
4.2226602e-05
4.2226602e-05
7.4891104e-05
7.9650665e-05
4.2226602e-05
4.2226602e-05
5.04297e-05
4.2226602e-05
4.489878e-05
4.2226602e-05
8.826066e-05
4.2226606e-05
4.2226602e-05
4.2226602e-05
5.6489884e-05
4.2226602e-05
4.2226606e-05
7.821486e-05
4.2226606e-05
4.2226602e-05
0.00012862313
4.2226602e-05
4.2226602e-05
5.4015625e-05
0.00019335699
4.457192e-05
4.222661e-05
4.2226602e-05
4.2226602e-05
4.3190517e-05
4.713174e-05
4.555489e-05
7.223312e-05
8.362082e-05
4.2226602e-05
0.00010092952
4.2226602e-05
4.2226602e-05
6.1850806e-05
9.632322e-05
4.2226602e-05
4.2226602e-05
4.2226602e-05
4.2226602e-05
4.2226602e-05
4.8749203e-05
4.2226602e-05
9.3625866e-05
4.2226602e-05
8.5631276e-05
4.2226602e-05
4.2226602e-05
4.2226602e-05
4.2226602e-05
4.2226602e-05
4.2226602e-05
4.2226602e-05
4.2226602e-05
5.8945338e-05
5.3950254e-05
4.2226602e-05
4.524518e-05
4.222661e-05
4.2226602e-05
0.00010411762
4.2226602e-05
0.000116235286
4.2226602e-05
4.2226602e-05
4.222661e-05
4.2226602e-05
8.201962e-05
4.2226602e-05
4.2226602e-05
4.7358146e-05
4.2226606e-05
4.2226606e-05
4.2226602e-05
4.2226602e-05
4.939931e-05
4.222661e-05
0.00014136855
4.2226602e-05
4.2226602e-05
8.068318e-05
0.000102070175
4.2226602e-05
5.370432e-05
5.1367188e-05
7.025349e-05
0.00014901019
6.181213e-05
5.9931954e-05
5.4785403e-05
4.2226606e-05
4.2226602e-05
4.2226602e-05
4.2226606e-05
4.222661e-05
8.413945e-05
4.2226602e-05
4.2226602e-05
4.2226602e-05
8.708733e-05
8.777358e-05
4.7641166e-05
4.2226602e-05
8.773887e-05
5.2095158e-05
0.00017222768
4.2226602e-05
4.7982117e-05
6.078609e-05
4.2226602e-05
4.2226606e-05
4.2226602e-05
0.00012001683
5.0161685e-05
0.00013266066
5.3850254e-05
8.2008526e-05
4.2226606e-05
4.2226606e-05
4.2226606e-05
4.2226602e-05
4.2226602e-05
5.6178033e-05
4.2226602e-05
5.525086e-05
4.2226602e-05
6.724954e-05
5.044125e-05
4.8023903e-05
4.2226602e-05
4.2226602e-05
4.2226602e-05
4.2226602e-05
5.277101e-05
4.2226602e-05
4.2226602e-05
4.4407196e-05
4.2226602e-05
5.995509e-05
4.2226602e-05
4.2226602e-05
4.2226602e-05
8.3628394e-05
4.2226602e-05
4.2226602e-05
4.2717355e-05
0.00032909782
4.2226602e-05
4.2226602e-05
4.2226602e-05
4.2226602e-05
4.2226602e-05
4.2226602e-05
4.2226602e-05
4.2226602e-05
4.2226602e-05
4.2226602e-05
4.2226602e-05
4.222661e-05
4.2888154e-05
5.8348018e-05
4.2226606e-05
4.2226602e-05
0.0002049501
4.2226602e-05
4.2226602e-05
6.489747e-05
4.2226602e-05
4.222661e-05
4.2226602e-05
0.00028732503
4.2226602e-05
4.2226602e-05
4.2226606e-05
4.2226602e-05
4.2226606e-05
4.2226602e-05
4.2226602e-05
4.2226602e-05
4.2226602e-05
4.2226602e-05
0.00011169125
4.2226602e-05
4.2226602e-05
4.2226602e-05
4.2226602e-05
4.2226602e-05
0.00018940086
4.222661e-05
4.2226602e-05
4.2226606e-05
4.2226602e-05
4.2226602e-05
4.2226602e-05
4.2226602e-05
4.2226602e-05
7.397815e-05
4.2226602e-05
4.2226602e-05
5.0349896e-05
4.2226602e-05
4.2226602e-05
4.2226606e-05
6.4410226e-05
4.2226602e-05
4.8737442e-05
4.8989914e-05
0.00010721001
4.6344874e-05
4.2226602e-05
4.3180233e-05
4.2226628e-05
4.222661e-05
4.2226613e-05
4.7231875e-05
8.374879e-05
9.8184886e-05
4.2226606e-05
7.617381e-05
0.00018359038
4.2226602e-05
4.2226602e-05
6.4946435e-05
4.2226606e-05
0.0001063083
5.0290542e-05
6.106596e-05
5.2033058e-05
4.2226602e-05
7.4456475e-05
4.405777e-05
4.2226602e-05
6.205842e-05
4.2226602e-05
4.2226602e-05
4.2226606e-05
4.2226602e-05
4.954063e-05
0.00010133719
4.222661e-05
4.7708945e-05
4.6541445e-05
4.2226602e-05
4.2226602e-05
4.2226602e-05
4.2226602e-05
8.085993e-05
4.2226602e-05
5.5731532e-05
4.2226602e-05
4.2226602e-05
4.2226602e-05
4.2226602e-05
4.2226602e-05
4.2226602e-05
7.2449955e-05
4.2226606e-05
4.358582e-05
5.8424404e-05
4.2226602e-05
4.2226602e-05
5.2990283e-05
4.2226602e-05
4.2226602e-05
0.00012852131
8.337199e-05
4.2226602e-05
0.00010573799
0.000122011515
6.469255e-05
8.1560196e-05
4.657416e-05
4.222661e-05
4.2226606e-05
4.2226602e-05
4.2226602e-05
4.2226602e-05
5.508207e-05
4.2226602e-05
4.2226602e-05
4.4771816e-05
4.2226606e-05
4.2226602e-05
4.2226602e-05
4.222661e-05
4.2226602e-05
4.585844e-05
4.5382956e-05
4.2226602e-05
4.2226602e-05
0.00012967364
4.6201083e-05
4.2226602e-05
4.2226602e-05
4.6293026e-05
7.0786635e-05
4.222662e-05
4.2226602e-05
4.2226602e-05
6.390254e-05
8.5101026e-05
4.2226602e-05
4.2226602e-05
6.400454e-05
4.7773898e-05
6.0545695e-05
4.2226602e-05
4.2226602e-05
4.2226602e-05
4.2226602e-05
4.5641333e-05
6.674555e-05
0.00023132378
4.222661e-05
0.00012892902
5.6049725e-05
4.2226602e-05
4.2226602e-05
4.2226602e-05
5.6851735e-05
4.2226602e-05
4.877659e-05
4.2226602e-05
6.249996e-05
4.2226602e-05
6.470804e-05
4.495957e-05
4.2226602e-05
4.2226606e-05
4.2226602e-05
4.2226602e-05
4.2226613e-05
4.2226602e-05
4.2226602e-05
4.2226602e-05
4.3320106e-05
4.2226602e-05
4.9373313e-05
4.2226606e-05
4.2226602e-05
9.417052e-05
4.2226602e-05
4.2226602e-05
4.2226602e-05
4.2226602e-05
5.568676e-05
4.2226613e-05
0.0001277001
4.3586435e-05
4.2226602e-05
4.9794417e-05
4.2226602e-05
4.2226602e-05
4.2226602e-05
4.2226602e-05
4.2226602e-05
4.2226602e-05
4.2226602e-05
0.000120580014
0.0002032388
9.580003e-05
4.2226606e-05
5.78406e-05
4.222661e-05
4.2226602e-05
4.2226602e-05
4.2226602e-05
4.2226602e-05
4.2226602e-05
5.462559e-05
4.2226602e-05
0.00014048301
5.0414124e-05
4.2226602e-05
5.313767e-05
6.341752e-05
6.6205444e-05
4.2226602e-05
4.2226602e-05
7.7613186e-05
4.4153017e-05
4.2226602e-05
4.2226602e-05
9.9098506e-05
4.3476444e-05
4.2226602e-05
7.692456e-05
6.1579296e-05
4.2226602e-05
4.2226606e-05
4.2226613e-05
6.2858286e-05
4.2226602e-05
5.0069306e-05
4.2226602e-05
4.2226606e-05
4.2226606e-05
4.2226602e-05
8.688681e-05
4.262991e-05
4.2226613e-05
4.222661e-05
4.2226602e-05
5.9314083e-05
0.00016460559
4.8856637e-05
4.2226602e-05
4.511042e-05
4.2226602e-05
5.7497768e-05
4.2226602e-05
8.742386e-05
4.804905e-05
0.00013600945
4.2226606e-05
4.2226602e-05
4.2226602e-05
4.791998e-05
7.956511e-05
6.3238076e-05
4.2226602e-05
9.885061e-05
5.17318e-05
4.2226606e-05
4.725296e-05
5.27764e-05
4.2226602e-05
4.2226602e-05
4.2226606e-05
4.2226606e-05
4.2226602e-05
0.00014102743
4.2226602e-05
4.2226602e-05
4.4309363e-05
5.6309782e-05
4.2226602e-05
4.2226602e-05
4.2226602e-05
4.2226602e-05
4.2226602e-05
0.00011946583
4.2226602e-05
4.2226602e-05
4.2226602e-05
4.2226602e-05
4.2226602e-05
4.222661e-05
4.2226602e-05
4.2226602e-05
4.222661e-05
5.0548704e-05
4.2226602e-05
6.0541304e-05
6.086659e-05
4.2226602e-05
4.2226606e-05
4.2226606e-05
7.956869e-05
4.777668e-05
4.2226602e-05
4.2226602e-05
4.2226602e-05
4.2226602e-05
4.2226602e-05
4.288492e-05
4.2226602e-05
4.2226602e-05
4.2226606e-05
8.352767e-05
5.9143993e-05
8.615949e-05
6.9072885e-05
4.2226606e-05
4.9734594e-05
4.2226602e-05
5.843677e-05
4.2226602e-05
6.541592e-05
4.2226602e-05
5.3475324e-05
0.00012785269
9.670851e-05
5.078257e-05
4.2226602e-05
5.367729e-05
7.7292054e-05
4.3671433e-05
4.2226602e-05
4.2226602e-05
4.2226602e-05
7.160702e-05
4.2226602e-05
4.2226602e-05
6.909407e-05
4.2226602e-05
4.2226602e-05
4.2226602e-05
6.0754446e-05
9.312039e-05
5.509368e-05
4.2226602e-05
4.2226602e-05
4.9200058e-05
0.00060658844
4.2226602e-05
4.2226602e-05
4.2226602e-05
4.2226602e-05
4.2226602e-05
4.2226606e-05
4.2226602e-05
4.2226602e-05
4.2226602e-05
5.8268586e-05
7.194384e-05
4.2226602e-05
6.1109e-05
4.2226606e-05
4.2226602e-05
4.8656897e-05
4.2226602e-05
4.507551e-05
4.2226602e-05
7.074623e-05
4.3595872e-05
7.034214e-05
4.2226602e-05
4.2226602e-05
4.2226602e-05
4.775732e-05
4.2226602e-05
4.2226602e-05
4.506429e-05
6.691798e-05
4.222663e-05
7.701647e-05
4.2226602e-05
9.625821e-05
4.2226602e-05
4.2226602e-05
6.172079e-05
4.2226602e-05
5.958866e-05
4.2226602e-05
4.2226606e-05
4.280485e-05
4.2226602e-05
4.2226602e-05
4.2226602e-05
4.2226602e-05
4.2226602e-05
0.0001066781
4.826951e-05
4.9327533e-05
4.2226602e-05
4.2226602e-05
4.2519405e-05
4.2226602e-05
4.295994e-05
5.6314795e-05
4.222661e-05
0.00010985174
0.00036492094
4.2226602e-05
4.2226602e-05
5.3814732e-05
4.2226602e-05
4.2226602e-05
4.2226602e-05
6.186215e-05
7.7929806e-05
4.2226602e-05
4.2226602e-05
4.2226602e-05
4.5722525e-05
4.2226602e-05
4.2226602e-05
4.2226602e-05
0.00019830812
4.2226602e-05
0.0002445118
6.7019944e-05
8.935372e-05
4.2226602e-05
5.705684e-05
4.2226602e-05
0.00017942503
6.473943e-05
4.2226602e-05
6.515213e-05
0.00011180547
4.2226602e-05
4.2226602e-05
4.222661e-05
5.4404056e-05
0.0002133088
4.2226602e-05
4.2226602e-05
4.945282e-05
4.2226602e-05
4.2226602e-05
4.222661e-05
5.5519602e-05
5.066094e-05
4.2972886e-05
4.2226602e-05
4.2226602e-05
4.2226602e-05
4.2226606e-05
4.2226602e-05
4.2226613e-05
4.2226602e-05
4.2226602e-05
4.2226602e-05
4.2226613e-05
4.2226606e-05
4.2226602e-05
9.935054e-05
4.2226613e-05
5.3449112e-05
4.2226602e-05
4.2226613e-05
4.2226602e-05
0.00022915132
4.2226606e-05
4.2226602e-05
4.2226602e-05
5.047824e-05
4.2226606e-05
4.2226606e-05
6.745259e-05
4.2226602e-05
8.207985e-05
4.2226602e-05
4.2226602e-05
4.2226602e-05
4.2226602e-05
4.2226602e-05
4.2226602e-05
5.5503562e-05
4.2226602e-05
4.3113534e-05
0.00016838206
5.3643984e-05
4.2226602e-05
6.234361e-05
0.00014782572
4.2226602e-05
4.2226606e-05
5.2614418e-05
0.0001938962
4.2226602e-05
4.2226602e-05
4.2226602e-05
4.2226602e-05
5.234113e-05
4.2226602e-05
4.2226602e-05
4.5582194e-05
4.2226602e-05
0.0001471969
4.2226602e-05
4.2226602e-05
4.222661e-05
8.588976e-05
4.2226606e-05
4.2226602e-05
8.146809e-05
4.2226602e-05
5.4261436e-05
4.2226602e-05
4.2226602e-05
7.02139e-05
4.2226606e-05
8.122071e-05
4.2226602e-05
4.2226602e-05
7.877762e-05
4.2226602e-05
4.548029e-05
0.00023276417
6.876234e-05
4.222661e-05
4.2226642e-05
4.714869e-05
4.2226602e-05
4.2226602e-05
0.00027280877
4.2226606e-05
4.2226606e-05
4.2226602e-05
4.5360164e-05
4.5920307e-05
4.2226602e-05
4.811603e-05
4.2226602e-05
4.2226602e-05
0.00045321253
4.2226602e-05
5.3731106e-05
6.625374e-05
4.3710505e-05
4.2226602e-05
8.346106e-05
4.2226602e-05
0.0006539292
4.3560976e-05
4.2226602e-05
6.7525805e-05
4.2226602e-05
4.2226606e-05
5.686632e-05
4.222661e-05
0.00029798946
4.2226602e-05
5.7931167e-05
4.2226602e-05
4.2226635e-05
5.6703313e-05
4.2226602e-05
4.2226602e-05
4.2226602e-05
4.2226602e-05
4.2226602e-05
0.00011740045
4.2226602e-05
5.9953174e-05
4.2226602e-05
5.164259e-05
8.311542e-05
9.779936e-05
6.133039e-05
4.2226602e-05
4.222661e-05
4.2226606e-05
4.306867e-05
4.2226602e-05
4.2226602e-05
4.2226606e-05
4.2226602e-05
4.2226617e-05
4.2226602e-05
4.2226602e-05
4.2226602e-05
4.980585e-05
0.0001260923
9.4893105e-05
6.0321894e-05
0.00015803971
4.2226602e-05
4.3977725e-05
4.2226602e-05
0.0005260705
4.4861972e-05
0.000102437705
4.2226602e-05
4.2226602e-05
5.108712e-05
6.201228e-05
6.5103384e-05
5.053039e-05
4.2226602e-05
4.2226602e-05
4.2226602e-05
4.2226602e-05
4.2226606e-05
4.2226602e-05
4.2226602e-05
4.2226602e-05
4.2226602e-05
4.717719e-05
4.2226624e-05
0.00014951163
4.2226602e-05
4.2226602e-05
4.2226602e-05
4.2226602e-05
4.2226602e-05
4.2226602e-05
4.222661e-05
7.217262e-05
4.2226602e-05
4.2226606e-05
4.2226602e-05
0.00011181951
9.621275e-05
4.312892e-05
6.175475e-05
4.2226602e-05
4.2226606e-05
5.959866e-05
4.2226602e-05
4.2226606e-05
4.2226602e-05
5.704982e-05
4.2226602e-05
4.2226602e-05
4.8654114e-05
0.00018354936
9.39859e-05
4.2226602e-05
4.2226613e-05
4.2226606e-05
4.2226602e-05
4.2226602e-05
4.698474e-05
4.2226602e-05
4.2226602e-05
4.7044094e-05
4.2226602e-05
4.4674667e-05
5.870146e-05
4.2226602e-05
4.869834e-05
4.2226602e-05
4.2402517e-05
4.2226602e-05
0.0001607928
5.8766254e-05
4.2226602e-05
6.60448e-05
4.2226602e-05
4.2226602e-05
6.315185e-05
4.2226602e-05
6.960902e-05
0.00019398823
5.7829853e-05
4.2226602e-05
4.2226606e-05
4.2226602e-05
4.3191838e-05
6.530121e-05
4.2226602e-05
5.677454e-05
0.00024304906
4.2226606e-05
4.2226602e-05
4.2226602e-05
4.2226606e-05
4.446495e-05
5.1815066e-05
4.2226602e-05
4.7643665e-05
4.2226606e-05
4.2226602e-05
4.222661e-05
4.2226602e-05
0.00010220247
5.2193103e-05
4.2226602e-05
4.2226602e-05
4.222661e-05
4.4234224e-05
4.2226617e-05
6.619972e-05
0.00010236528
4.2226602e-05
6.712854e-05
4.222661e-05
5.565035e-05
4.2226602e-05
6.161213e-05
5.5221266e-05
4.2226602e-05
4.2226602e-05
8.5799125e-05
4.7693837e-05
4.2226606e-05
4.92785e-05
4.2226602e-05
4.222661e-05
9.03712e-05
9.200957e-05
0.000104351944
0.000116731004
0.00031634094
4.2226602e-05
4.2226602e-05
4.2226602e-05
4.2226602e-05
4.2226606e-05
4.6745237e-05
6.3518346e-05
4.2226602e-05
4.2226602e-05
4.2226602e-05
4.3102933e-05
4.2226602e-05
4.790614e-05
4.2226602e-05
4.2226602e-05
4.2226602e-05
5.372952e-05
5.662011e-05
4.2226602e-05
6.7609304e-05
4.2226602e-05
4.2226602e-05
4.2226602e-05
0.00027615522
8.200938e-05
4.222661e-05
0.00019559701
0.00011570364
4.2226602e-05
4.6914865e-05
4.2226602e-05
0.0001446561
5.7045898e-05
4.2226602e-05
4.732006e-05
6.2492574e-05
4.2226602e-05
4.2226606e-05
4.2226602e-05
0.00010686299
4.2226606e-05
4.2226602e-05
4.2226606e-05
4.2226602e-05
4.222661e-05
4.2226602e-05
0.00023667623
9.717343e-05
4.2226606e-05
0.00014964712
4.2226602e-05
4.2226602e-05
4.2226602e-05
4.2226602e-05
4.2226606e-05
4.2226606e-05
4.2226606e-05
4.222661e-05
0.00011000728
4.2226602e-05
9.196646e-05
4.2226606e-05
7.13951e-05
4.2226613e-05
4.2226602e-05
4.2226602e-05
4.2226602e-05
4.2226602e-05
4.2226602e-05
4.2226602e-05
5.758956e-05
0.00012462251
0.00011227989
4.2226602e-05
4.2226602e-05
6.958068e-05
5.5423392e-05
4.222661e-05
4.78886e-05
8.1582344e-05
4.2226613e-05
4.2226602e-05
0.0003508544
4.222661e-05
4.2226606e-05
4.228128e-05
6.234486e-05
4.6145742e-05
9.8423916e-05
4.2226602e-05
4.2226602e-05
8.070457e-05
4.2226602e-05
4.2226602e-05
0.00011550851
0.00010974797
4.2226602e-05
6.633301e-05
4.2226602e-05
4.2226602e-05
7.480454e-05
4.2226617e-05
0.00013658541
4.356737e-05
4.2226602e-05
7.067658e-05
4.2226606e-05
4.2226602e-05
4.2226617e-05
0.00023886251
4.3933484e-05
4.2226602e-05
4.2226602e-05
4.2226606e-05
0.00016082896
4.2226602e-05
4.2226602e-05
4.2226606e-05
4.332482e-05
4.9920487e-05
4.7433525e-05
4.2226602e-05
5.1663177e-05
9.097261e-05
4.2226602e-05
4.2226602e-05
4.2226602e-05
4.2226602e-05
5.3321648e-05
4.2226602e-05
4.2226602e-05
4.2226602e-05
5.611956e-05
4.2226602e-05
0.00019767953
4.8614e-05
4.92459e-05
0.00012662743
0.00014784417
4.2226602e-05
4.2226602e-05
6.448164e-05
4.2226602e-05
4.2226602e-05
4.2226602e-05
4.733259e-05
5.156014e-05
4.5458317e-05
8.012627e-05
4.2226606e-05
5.2257437e-05
4.2226606e-05
5.979468e-05
4.2226602e-05
4.7525242e-05
4.5370325e-05
4.2226602e-05
6.93717e-05
7.986378e-05
4.2226602e-05
4.2226606e-05
4.2226606e-05
4.2226602e-05
4.2226602e-05
4.2226602e-05
4.2226602e-05
5.504291e-05
4.2226602e-05
5.106462e-05
4.2226602e-05
5.409594e-05
8.582285e-05
4.588433e-05
4.2226602e-05
4.2226602e-05
8.7537366e-05
5.3088803e-05
4.2226602e-05
4.238736e-05
4.2226602e-05
7.1585964e-05
4.2226602e-05
4.2226602e-05
4.2226602e-05
5.272384e-05
4.2226606e-05
0.00012329975
7.695544e-05
4.2226602e-05
4.2226606e-05
4.998173e-05
4.2226602e-05
4.411826e-05
4.2226602e-05
6.961878e-05
4.222661e-05
4.2226606e-05
4.2226606e-05
5.3124757e-05
4.2226602e-05
4.2226602e-05
4.2226602e-05
4.222661e-05
4.2226602e-05
4.2226602e-05
4.2226602e-05
4.2226602e-05
4.2226602e-05
4.2226602e-05
4.2226602e-05
4.2226602e-05
4.2226606e-05
4.2226602e-05
4.2226602e-05
4.2226602e-05
4.2226602e-05
4.2226606e-05
4.2226602e-05
7.023512e-05
4.2226602e-05
6.655276e-05
4.2226602e-05
4.2226602e-05
4.2226602e-05
6.243718e-05
5.0160004e-05
4.2226602e-05
4.2226602e-05
4.2226602e-05
4.2226602e-05
5.5302145e-05
4.826408e-05
4.222661e-05
0.00011832653
5.487574e-05
7.248356e-05
4.2226602e-05
4.222661e-05
4.2226606e-05
4.2226602e-05
6.040398e-05
4.2226602e-05
4.2226606e-05
6.904508e-05
7.919347e-05
4.2226602e-05
0.00012387066
4.2226602e-05
4.627524e-05
4.2226602e-05
4.2226602e-05
4.2226606e-05
4.2226602e-05
4.2226602e-05
