0.0026886675
0.0030926897
0.0030183208
0.0026886675
0.0026886675
0.0026886675
0.0033590372
0.0026886675
0.0033763468
0.0026886675
0.0026889013
0.0026888857
0.0026886675
0.0026886675
0.002688992
0.0026887034
0.0032042253
0.0029952817
0.0037358152
0.0026886675
0.0030558973
0.0026893087
0.0026886675
0.0026886675
0.0026886675
0.0053708632
0.0026886675
0.0026886675
0.005452109
0.0035842133
0.0026886675
0.0026886675
0.0026886675
0.0026886675
0.002688747
0.004001355
0.0026886675
0.0026888698
0.0026887234
0.0026886675
0.0026886675
0.003169275
0.0026886675
0.00270814
0.00428473
0.0026886926
0.0026886675
0.0026886675
0.0026886675
0.0026886675
0.0026886675
0.0043937783
0.0042437245
0.0057770987
0.0026886675
0.0026887862
0.0027024255
0.0026889343
0.0026886675
0.0026886675
0.0026886675
0.0034610955
0.003098008
0.003125842
0.0027849048
0.0026886675
0.0026886675
0.0026886675
0.0026886675
0.0037766767
0.002958217
0.0026886675
0.0026886675
0.0026886675
0.0026886675
0.0026887683
0.0026886675
0.0026886675
0.0026887394
0.0026908994
0.0026886675
0.0066859876
0.0027112032
0.0026886675
0.0026886675
0.0026886675
0.0027879293
0.003383698
0.0026886675
0.0026886675
0.0035883281
0.0026887476
0.0032023499
0.0026886675
0.002777198
0.0028437867
0.0026886675
0.0026886675
0.0026886675
0.0026886675
0.0050878716
0.0026886675
0.006407161
0.0026886675
0.0035050155
0.0026886675
0.0026886675
0.0026886675
0.0026886675
0.0026886675
0.0035873537
0.0030035295
0.006752959
0.0040683025
0.0026886675
0.0031430193
0.003033527
0.0026886675
0.003291643
0.0043141693
0.0026886675
0.002688729
0.0026886675
0.11410418
0.0026886675
0.005459295
0.003367356
0.0026889502
0.0034887942
0.002749551
0.0026886675
0.0026886675
0.0026887183
0.0029432308
0.0028825449
0.0026886675
0.0026888624
0.0026886675
0.0026886675
0.0026886675
0.0026886675
0.0026886675
0.0026886675
0.0026886675
0.0026886675
0.0026888272
0.0026886675
0.0026886675
0.003445276
0.0047639566
0.0026886675
0.0026886675
0.0026886675
0.007881425
0.004441861
0.0026886675
0.0026886675
0.0026886675
0.0078384355
0.0026886675
0.0026886675
0.0026886675
0.0026887313
0.0026886675
0.0026886675
0.0026886675
0.0026886675
0.0059993467
0.0034672236
0.0026889134
0.0033835915
0.0026886675
0.003554456
0.002770177
0.0026886675
0.0026886675
0.0026886675
0.0026886675
0.0026886675
0.0056475108
0.0026886675
0.0026886899
0.0026886675
0.007970019
0.0037053619
0.0026886675
0.0026888286
0.0057583186
0.0026886675
0.0026886675
0.00268899
0.008491169
0.0026887264
0.0026889825
0.0026886675
0.0026886675
0.006792383
0.0026886675
0.0028515616
0.0026886675
0.0026887804
0.0026886675
0.0026886675
0.0042110602
0.0041338634
0.0026886675
0.0026886675
0.0026887476
0.0026886675
0.0031287607
0.0026886675
0.00461666
0.0068304273
0.0026886675
0.0026888372
0.0029943327
0.0032526534
0.0026886675
0.003367628
0.0026886675
0.0026886675
0.0026888165
0.0027563488
0.0026903593
0.0029419279
0.0037379672
0.0026886675
0.0026886675
0.0026887832
0.0026886675
0.003744904
0.0057631056
0.0026886675
0.0026887935
0.0026886675
0.0026886675
0.0029717237
0.0026886675
0.0026886675
0.0026886675
0.0026886675
0.0028130515
0.0026886675
0.0041319653
0.0026886675
0.0031950902
0.0050865063
0.002895532
0.0026886675
0.0026886675
0.0026886675
0.0026886675
0.0026886675
0.002688838
0.0026886675
0.003970454
0.007706039
0.004100791
0.0026886675
0.0312758
0.0026886675
0.003046693
0.0026886675
0.003378773
0.0034478635
0.0026886675
0.0026886675
0.0026886675
0.0026886675
0.0026886675
0.005055855
0.0029864833
0.0026886675
0.0026886675
0.0026886675
0.0026886675
0.0026886675
0.0026886675
0.0026888514
0.0026886675
0.002752268
0.0026886675
0.0026886675
0.004813827
0.0026889506
0.010398514
0.0026887087
0.012329807
0.0026887292
0.00269635
0.0043100487
0.0026886875
0.006311456
0.0026886675
0.002702036
0.002952939
0.0027738977
0.0026886675
0.0055188183
0.002792123
0.0026886675
0.0026886675
0.0026886675
0.0064144284
0.0026886675
0.0026886675
0.0026886675
0.0026887786
0.0026886675
0.0026886675
0.0026886675
0.0026886675
0.0037575595
0.002877155
0.003253458
0.0026886675
0.0026886675
0.0038351764
0.0026886675
0.0026886675
0.003444033
0.0026886675
0.0026886675
0.0026887374
0.0026886675
0.0056208335
0.0026886675
0.003786757
0.0026888158
0.00628108
0.0026886675
0.0026886675
0.0026886675
0.0049179005
0.010522664
0.0033583893
0.0026889239
0.0026886675
0.0027607556
0.0026886675
0.0026888226
0.0026886675
0.0050337715
0.0026887518
0.0026886675
0.0044661243
0.0026886675
0.003059134
0.0026886675
0.0026886675
0.0026886675
0.0026886675
0.0026886675
0.004873577
0.0027077838
0.0026886675
0.0026886675
0.0026886675
0.0026886675
0.0044185705
0.014624856
0.004350842
0.0026886675
0.0026889935
0.0026886675
0.0028097278
0.0038961738
0.0033883534
0.0026886675
0.006032452
0.0033047367
0.0026886675
0.0026886675
0.0026886675
0.0027396746
0.0030553143
0.002689139
0.0026886675
0.0026886675
0.0026886675
0.0026891632
0.009068413
0.002788359
0.0072949682
0.0050826026
0.0028111243
0.0026886675
0.0026889239
0.0026886675
0.0060187154
0.0027812666
0.0026886675
0.0026886675
0.0026886675
0.0026886675
0.003157032
0.0033883315
0.0026886675
0.014231556
0.0039053427
0.0026886675
0.008020159
0.00553829
0.0026886675
0.0039659315
0.0026886817
0.003050897
0.0026887504
0.0044536972
0.005770186
0.0041883485
0.002688909
0.0026886675
0.005238605
0.0030837085
0.0026886675
0.0029500353
0.0026887183
0.0026886675
0.0026886675
0.0028596923
0.0026886675
0.0026886675
0.0026886675
0.0026886675
0.0026886675
0.016103381
0.0060236077
0.0047252667
0.0026886675
0.0026886675
0.0041230065
0.011415787
0.019715505
0.0026886675
0.0037513468
0.0026886675
0.0026886675
0.0026886675
0.0026886675
0.0026886675
0.0026886675
0.0026887811
0.0075674416
0.0031879414
0.0026886743
0.0026886675
0.0043153027
0.0026886675
0.0026886675
0.0050344644
0.0026886675
0.0026886675
0.002689041
0.010274525
0.00975938
0.004138108
0.0033526244
0.0026886675
0.0026886675
0.0026888528
0.0026886675
0.0026886675
0.0030004762
0.0026886675
0.005902564
0.0026886675
0.0026886675
0.0026887627
0.0026886675
0.003518923
0.0026886675
0.0026886675
0.0026886675
0.0026886675
0.0026886675
0.0026886675
0.0026886675
0.0072247516
0.0043551237
0.0026886675
0.0026886675
0.0038649563
0.0031495998
0.006681129
0.0026886675
0.0026886675
0.0026887516
0.0029887715
0.0026888447
0.0026886675
0.0026886866
0.0026886675
0.0026886675
0.003982484
0.0026886675
0.0031145057
0.0026886675
0.0037258847
0.0026886675
0.0026886675
0.0026886947
0.0026886675
0.0028609363
0.0026888868
0.0026886675
0.0035104612
0.0026886675
0.0026886675
0.0026886675
0.0029340426
0.0026886675
0.0026886675
0.0026886675
0.0026886675
0.0026886675
0.028896116
0.0026888857
0.0026886675
0.0026886675
0.0026886675
0.0059522516
0.0026886675
0.0026886675
0.0026886675
0.0027910555
0.009177839
0.0026886677
0.002688679
0.0028155039
0.005030832
0.0026886675
0.0026886675
0.0034102045
0.0026886675
0.0026886675
0.0027015582
0.0026886675
0.0026887385
0.0026886675
0.0026888244
0.0033842132
0.002688691
0.0026886675
0.0026887748
0.0030088632
0.0032561803
0.008303989
0.0037381074
0.0026888342
0.0026898123
0.0026886675
0.0032598404
0.005567119
0.0026886675
0.0026886675
0.0026886675
0.0026886675
0.005929922
0.0026886675
0.0031333491
0.0026889453
0.00366805
0.0026886675
0.0026886675
0.004258585
0.0026886675
0.0026886675
0.0026890298
0.0044837794
0.0026886675
0.0026886675
0.0028036872
0.0045329425
0.0026886675
0.0026886675
0.0026886675
0.0026886675
0.0026890347
0.0060574855
0.0026886675
0.0026886675
0.0029414967
0.0026886675
0.0028544327
0.0026886675
0.0026886675
0.0036355455
0.0026886675
0.0026886675
0.002735372
0.0069635734
0.0026886675
0.004561122
0.003053
0.0026889937
0.0036598241
0.0026886675
0.0026886675
0.0026886675
0.0026895108
0.0026886675
0.0026886675
0.0026886675
0.0026886675
0.002758736
0.002714213
0.0026886675
0.0026887145
0.0039656716
0.0026886675
0.0026886675
0.0026886675
0.009662806
0.0026886675
0.0038037493
0.0037030193
0.0026914065
0.0033903157
0.0026886675
0.0026886675
0.0026886675
0.0026886675
0.0026893907
0.003043899
0.0026886675
0.0026886675
0.0026886675
0.0026886675
0.0026886675
0.0026892459
0.0026894836
0.0026886675
0.003955881
0.0026886675
0.0026886675
0.0035847083
0.009256493
0.0026886675
0.0026886675
0.0026886675
0.0026886675
0.0027355042
0.0030048182
0.0026886675
0.0059248507
0.0026886675
0.0026886675
0.0026886675
0.0030268084
0.004983966
0.0026886675
0.007845429
0.0058239345
0.0034158276
0.0026886675
0.0026887283
0.0026886675
0.0026886675
0.0026886675
0.012740437
0.0026886675
0.0026889173
0.0033041695
0.0034743994
0.0027400998
0.0042913533
0.007637625
0.002868159
0.0030227962
0.0026886675
0.004021442
0.0026886675
0.002688742
0.0042000692
0.0026886826
0.0046998253
0.0042448947
0.005254181
0.0026886675
0.0026887916
0.0026886675
0.0026886675
0.0034242086
0.0026886675
0.0029919147
0.0031679857
0.002835483
0.0026886675
0.0026886808
0.002689138
0.0069196043
0.0026886675
0.008694422
0.0026886675
0.0026888403
0.003678521
0.0027604543
0.0026887713
0.0026886675
0.0027592366
0.0031120742
0.0026886675
0.010634267
0.0029590286
0.0032169418
0.0063506463
0.0030517513
0.0026886675
0.0029789004
0.0026886675
0.0034527157
0.0026887346
0.0026886675
0.0026886675
0.0026887048
0.0026886675
0.0026886675
0.0026886675
0.0027704155
0.0067705954
0.0030161561
0.0026886675
0.0026886675
0.00471287
0.003608442
0.0026893632
0.0038204195
0.002875915
0.0026886675
0.0026886675
0.004678638
0.0027307104
0.0026886675
0.0053951354
0.0046873665
0.002688756
0.0026886675
0.008178125
0.0026886675
0.0029033616
0.0026886675
0.0030261055
0.0026886675
0.0026886675
0.0033093507
0.0030658927
0.002688842
0.0026886675
0.0030713454
0.0026886675
0.0026886675
0.0038432449
0.0026886675
0.0026886675
0.0032135826
0.0026886675
0.0026886675
0.0026886675
0.0026886675
0.0026886675
0.0026886675
0.0026886675
0.0026886675
0.0026886675
0.0043436405
0.0026886675
0.0034400236
0.0026886675
0.0026886675
0.0026886675
0.002688718
0.0026886675
0.0029779293
0.003445669
0.0026886675
0.0026886675
0.0026886675
0.0026886675
0.0072893724
0.0026886675
0.0038573092
0.0026886675
0.0026886675
0.0029965874
0.004739297
0.0026886675
0.0026888873
0.003095137
0.0026886675
0.0026886675
0.0043936423
0.0026886675
0.0026890107
0.0026886675
0.0028355431
0.0046335044
0.0026887283
0.0026886675
0.004106218
0.006206103
0.0026886675
0.0030191743
0.0026886675
0.0026886675
0.005061901
0.00284905
0.0030105226
0.0028570269
0.007979372
0.0041041877
0.0026886675
0.0026886675
0.0026886675
0.0026886675
0.0044692266
0.0026886675
0.002689734
0.0026886675
0.0027410518
0.004344811
0.0026887192
0.0026886675
0.0026886675
0.0026886675
0.0026886675
0.0026886675
0.004128028
0.0026886675
0.003200027
0.0036899094
0.0026886675
0.0026886675
0.0026886675
0.0076063494
0.0026886675
0.0027712435
0.0037413398
0.0026886675
0.0029352978
0.010289202
0.0026886675
0.0026886675
0.0026886675
0.0026886675
0.0031813711
0.008553387
0.0034085738
0.0026886675
0.004202304
0.0028787272
0.0027795807
0.0026886675
0.0026886675
0.0026886675
0.0027406008
0.0041380166
0.0026889096
0.005277025
0.0036728492
0.0026886675
0.0026886675
0.0091666365
0.0026886675
0.0026886675
0.0026886675
0.0046674083
0.0026886675
0.0026886675
0.0035002157
0.0026886675
0.0026886675
0.0026886675
0.0026889464
0.0026886675
0.0031880403
0.0031299342
0.0037806428
0.0026886675
0.0026886675
0.0026892964
0.0026886675
0.0026887243
0.0026886675
0.0026886675
0.0071052113
0.0026886675
0.0026886675
0.0026886675
0.0026886675
0.0030960022
0.0026886675
0.0026886675
0.0026886675
0.0026886675
0.0035861488
0.0745098
0.0026886675
0.0026886675
0.0026886675
0.0026886675
0.0029161675
0.0026886675
0.0026886675
0.0026886675
0.0035748063
0.00345495
0.0026886675
0.0026886675
0.0026886675
0.0026886675
0.0026886675
0.0030198323
0.0026886675
0.0045253267
0.0026886675
0.0026886675
0.0026886675
0.0026888286
0.0026887732
0.0034545427
0.0043899654
0.0026886675
0.0026886675
0.0026887478
0.0026886675
0.0026887462
0.0037935434
0.0037862428
0.0026886675
0.0026886675
0.0026887988
0.0026902703
0.0026886675
0.0026890105
0.0026886675
0.0026886817
0.00268881
0.0026891257
0.0026887124
0.0026886675
0.0032890001
0.0049713873
0.0026886675
0.0026888
0.0026886675
0.0026886675
0.0026886675
0.0026888093
0.0026886675
0.0026886675
0.006467995
0.0026887392
0.0026886675
0.0026886675
0.0026886675
0.0026886675
0.0026887683
0.0026886675
0.002747563
0.0026886675
0.0026886675
0.0026886675
0.0034810724
0.0026886675
0.0026886675
0.005091543
0.0026886675
0.0045329393
0.0039734407
0.0026886675
0.0026886675
0.0033784795
0.0044689295
0.0026886675
0.0026886675
0.0026889474
0.0027663058
0.0030068064
0.0026886675
0.0026886675
0.0026886675
0.0026887145
0.0026886675
0.0026886675
0.0026886675
0.0052416096
0.0026908012
0.0026886675
0.0026886675
0.0026959013
0.0026886675
0.0026886675
0.002801345
0.0026886675
0.0026886675
0.0026886675
0.003821307
0.0026886675
0.0026886675
0.00461065
0.0026892775
0.0033359656
0.0026886675
0.0026886675
0.0026886675
0.0026886675
0.0026886675
0.0027827267
0.0026900254
0.0026886675
0.004027177
0.0032409672
0.0026886675
0.0026886675
0.0026886675
0.0040469943
0.0026886675
0.0026891625
0.0026886675
0.0033480509
0.0026887124
0.0031160526
0.0026888761
0.0026892622
0.0026889052
0.0026886675
0.0038853327
0.0032670994
0.0026886675
0.0028167746
0.0026886675
0.0053149643
0.007212478
0.0026886675
0.0026886675
0.0026886675
0.0026886675
0.0026886675
0.0031213074
0.0026886675
0.0026886675
0.0026886675
0.0026886675
0.0026886675
0.0026888188
0.0028896222
0.0026889518
0.0053189737
0.0026886675
0.003715575
0.0026886675
0.0026886675
0.0029754217
0.0026886675
0.0026886768
0.0026886675
0.0026886675
0.0026887162
0.0026886675
0.0026886675
0.0026889762
0.0026886675
0.0026886675
0.0026895513
0.0026886675
0.0026886675
0.0026886675
0.002970793
0.0026886675
0.0045549893
0.0063768537
0.0028098673
0.012570354
0.0028445648
0.0026886675
0.0026886675
0.0026886675
0.0026886675
0.0026886675
0.0030184172
0.0036707837
0.0026886675
0.0026886675
0.0026886675
0.0026886675
0.0054044076
0.0026886675
0.0026886675
0.0026886675
0.0039636656
0.0038693333
0.0026886675
0.0040806527
0.0035842366
0.0026886675
0.0026886675
0.0026886675
0.0026887422
0.0026886675
0.0026886675
0.0026891802
0.0026886675
0.0026886675
0.0026886675
0.0026886675
0.005400153
0.0026886675
0.0026886675
0.0036672463
0.0026886926
0.0052630124
0.013308007
0.0027116574
0.0026886675
0.0026886675
0.0050075036
0.0026886675
0.0026886675
0.0026886675
0.0026886675
0.0026886675
0.014501855
0.0026887655
0.0026886675
0.0026886675
0.0030434632
0.0026886675
0.0026898358
0.0026886675
0.0030105703
0.0028202105
0.0026886675
0.0052579776
0.0026886675
0.0026886675
0.003944984
0.0026886675
0.0026887208
0.0026886675
0.0027450975
0.0026888393
0.0026886675
0.0031466668
0.0026886675
0.0049313833
0.0026886675
0.0026886675
0.0026886675
0.0027972863
0.0026886675
0.0026886675
0.0026888922
0.0144457305
0.0026886675
0.0026886675
0.0026886675
0.0026886675
0.018163877
0.0031791348
0.0026886675
0.0026886675
0.0026886675
0.0026886675
0.0031089552
0.0026886675
0.0027957077
0.0026889313
0.0026886675
0.0026886675
0.0027269602
0.0026886675
0.0034135617
0.0026886675
0.002689409
0.009201433
0.0026886675
0.0026886675
0.0027064744
0.0028532483
0.0026886675
0.0026886675
0.0026886675
0.0026886675
0.0029789635
0.0026886675
0.0027772356
0.0026886675
0.0031471485
0.0026886675
0.0030839487
0.0026886675
0.0026886675
0.0026886675
0.0030171778
0.002748702
0.0026886675
0.0039478457
0.0026887916
0.0026886675
0.0028707955
0.0029707646
0.0026886675
0.0076350854
0.0040493803
0.008161289
0.0026887937
0.0026886675
0.0026886675
0.0031003756
0.0026886675
0.0026887162
0.0037825417
0.0032367052
0.0026886675
0.0026886675
0.0026886675
0.0026886675
0.0046619545
0.0026886675
0.0026887285
0.00268926
0.0065803383
0.0026886675
0.0026886675
0.0036634004
0.0026886675
0.0026886675
0.0026886675
0.0026886675
0.0026886675
0.0026886675
0.0026886675
0.0026886675
0.0026886675
0.0026888137
0.0026886675
0.003540072
0.0026886675
0.0026889907
0.0043935715
0.0026886675
0.0026886675
0.003079093
0.0026886675
0.0026886675
0.0026886675
0.0026886675
0.0026887336
0.0026886675
0.0026891027
0.0026886675
0.0026887048
0.0026886675
0.0026889825
0.0026886675
0.0069524474
0.0026896365
0.0026886675
0.008568498
0.0026886675
0.0026886675
0.0026886675
0.003874434
0.0026886675
0.0026886675
0.0026886675
0.0028477705
0.0026886675
0.0026886675
0.0026886675
0.006317939
0.0026886675
0.0026886675
0.0040689674
0.0026886675
0.0026886675
0.0026886675
0.0026886675
0.0033067958
0.0040374016
0.012289401
0.0026886675
0.0026886675
0.004773444
0.0026886675
0.0026886675
0.0026886675
0.0045755995
0.0026886675
0.0026886675
0.0038448581
0.0026886675
0.005384688
0.0026886675
0.0026886675
0.0026886675
0.0026886675
0.0026886675
0.0027299544
0.0026886675
0.0037733435
0.0026886996
0.0026886675
0.0026886675
0.0030162362
0.0026886675
0.0026886675
0.0026886675
0.0026968447
0.008280051
0.0026886675
0.0026886675
0.0026889897
0.0026886675
0.021555236
0.0032959937
0.0027127985
0.0026886675
0.0026886675
0.0026886675
0.0026886675
0.0026886675
0.0030213457
0.0030914973
0.0026888726
0.0026886675
0.0026886675
0.004896793
0.002689068
0.003197456
0.0026886675
0.0044762664
0.0033265364
0.003945423
0.0026886675
0.002688855
0.0026886675
0.0039091427
0.0026892144
0.0026886675
0.0026886675
0.0026887509
0.0042149825
0.0026886675
0.0031170005
0.002914603
0.0026886675
0.002710497
0.0026894885
0.0026886675
0.003099856
0.005500238
0.0026886675
0.0069954586
0.0034807224
0.0026888056
0.0026886675
0.0037448036
0.0026886968
0.0026886675
0.0026886675
0.0030015123
0.0036660507
0.0026887888
0.0026886675
0.0026886675
0.0026886675
0.0026886675
0.0026886675
0.002689696
0.0026886675
0.0026886675
0.004280211
0.0026887471
0.0036511684
0.0026886675
0.0026886675
0.0026891462
0.0026886675
0.0026886675
0.0052910596
0.0026886675
0.0026886675
0.0026886675
0.0031618641
0.0026886675
0.0026886675
0.0045748353
0.0037562957
0.0026888049
0.0026886675
0.0026886675
0.0026886675
0.004234586
0.0029450322
0.002688796
0.0026886675
0.0026886675
0.002719756
0.0026886675
0.0039355806
0.0026886675
0.0026886675
0.0037852342
0.0030370243
0.0026886675
0.0026886675
0.0030590447
0.0026887327
0.0026886675
0.0026886675
0.006284472
0.0032360891
0.0033082385
0.003982431
0.0026886675
0.0026886675
0.0026887853
0.0026886675
0.002689238
0.0026886675
0.008507571
0.0026886675
0.0030713787
0.0026886675
0.0027830359
0.0030607001
0.0026886675
0.0026886675
0.0026886675
0.0026886675
0.0028150168
0.0026886675
0.003019601
0.010884505
0.0026886675
0.0026886675
0.0026886675
0.0026886675
0.0034629172
0.0026886675
0.0026886675
0.0026886675
0.0026886675
0.0026886675
0.0026886675
0.0026886675
0.0026886675
0.0026886675
0.0026886675
0.0026886675
0.002688917
0.0026886675
0.0026886675
0.0026886675
0.005522095
0.0026886675
0.0026886675
0.00280079
0.0026886675
0.0035527486
0.0026886675
0.0026886675
0.0026886675
0.0026886675
0.010654782
0.007981744
0.0047602165
0.003489157
0.0026886675
0.0027578638
0.0026886675
0.0026886675
0.0026886675
0.0028873414
0.0026886675
0.0026886675
0.003765687
0.005166895
0.003482504
0.0026886675
0.0026886675
0.0030054555
0.0035233432
0.0026886675
0.0026886675
0.0026886675
0.0027814088
0.0026886675
0.0031239726
0.0026886675
0.005806102
0.0026886675
0.002701154
0.0026886675
0.0026886675
0.0026886675
0.003595314
0.0026886675
0.0032695588
0.0026886675
0.0026886675
0.003265014
0.0026886675
0.0026886938
0.0026893977
0.0026886675
0.0026886675
0.0026886675
0.0026886675
0.002688961
0.0037498595
0.0026886675
0.0026886675
0.0051598526
0.0034628855
0.0026886675
0.0026886675
0.0026886675
0.0026886675
0.0026886675
0.0026886675
0.003487284
0.0028715609
0.0026898014
0.0026886675
0.0026886675
0.0026886675
0.002785259
0.0026886675
0.0026886675
0.0038392136
0.0026886675
0.0026886675
0.0026886675
0.008074236
0.0026886675
0.0026886675
0.0026888314
0.0026886675
0.0038536561
0.012298308
0.0032533563
0.005797224
0.011425327
0.0026887106
0.0026886675
0.0026886675
0.0043110005
0.0026886675
0.0026886675
0.0026894258
0.0030587523
0.004910162
0.002688823
0.004542125
0.00394849
0.0026886675
0.0026886675
0.0029604342
0.0026888596
0.009681768
0.0028006446
0.0078250775
0.002688678
0.0026886675
0.0026886675
0.0026887504
0.027191572
0.0059434106
0.0026886675
0.002688668
0.0026886854
0.0026886675
0.0026886675
0.0037191806
0.0026890177
0.0026886675
0.0056216097
0.0026886675
0.0026886675
0.0026886675
0.0031146042
0.0026886675
0.0026886675
0.0040185857
0.0026886675
0.0026886885
0.0026886675
0.0026886675
0.0028716857
0.0026886675
0.0026887057
0.0028196455
0.0026886675
0.006300409
0.0026886675
0.0026886675
0.0026886675
0.0026886675
0.0026886675
0.0026894885
0.0035663592
0.0026886675
0.0026886675
0.0026886675
0.0026886675
0.003327013
0.0044260705
0.0026886675
0.0026886675
0.002689577
0.0026886675
0.0026894158
0.0043522944
0.006653559
0.0026886675
0.0026886675
0.0026889795
0.0027320907
0.0026886675
0.0026886675
0.0031106106
0.0026886675
0.0032363113
0.0036898868
0.0026886675
0.002817668
0.0026886675
0.0036802057
0.0026886675
0.0026887518
0.0026886675
0.0026886675
0.0026886675
0.0026891225
0.0026897264
0.002688891
0.0026886675
0.0026886675
0.00268933
0.003607386
0.0026886675
0.0029536476
0.0026886675
0.0032586306
0.0026887236
0.02060855
0.0027041987
0.0028274113
0.0029651488
0.0026886675
0.0026886675
0.0026886675
0.0026886675
0.0026893355
0.0026886675
0.0026886675
0.0042853546
0.002688857
0.007659431
0.0038798025
0.0026886675
0.0026886675
0.0026891779
0.0057250503
0.0026886675
0.0029645872
0.002939998
0.0026886675
0.005115589
0.0026886675
0.0026886675
0.0026886675
0.0026886675
0.0043341154
0.0026889655
0.0026886675
0.0026886675
0.0026886675
0.0026886675
0.0026900119
0.005215248
0.0026886675
0.0026887406
0.0026886675
0.0026886675
0.0026886675
0.0026886675
0.0026886675
0.002754248
0.0026895257
0.0026886917
0.0030925937
0.0031132714
0.0026886675
0.0026886675
0.0026886675
0.0026886675
0.0026905455
0.0057116244
0.0026886675
0.0027953181
0.002964384
0.0026886675
0.0026886675
0.0026886675
0.0026886675
0.0026886675
0.0026886675
0.0026886675
0.0043488173
0.0026886675
0.0026886675
0.0026886675
0.0026886675
0.0038124414
0.0026886675
0.0026886675
0.0035670118
0.002688727
0.0026886675
0.0026886675
0.0032842641
0.0026886675
0.0037363658
0.0026886675
0.0026886675
0.0026887788
0.0026886675
0.0026887327
0.004127412
0.0026886675
0.0026886675
0.007254297
0.0053717806
0.004175098
0.0026886675
0.0026886675
0.002689161
0.0026886675
0.0026886675
0.013204404
0.0026886675
0.0030134583
0.0040556076
0.0035742596
0.0026886675
0.0026886675
0.0026886675
0.0027352388
0.002688921
0.004381539
0.0052530435
0.003041895
0.0026886675
0.0026886675
0.0026886675
0.0026886675
0.0026886675
0.0026886675
0.006911934
0.0026886675
0.0026886675
0.0056386557
0.0026886675
0.0026886675
0.002689005
0.0026886675
0.0027227926
0.0026886861
0.002774081
0.0026886675
0.0026886675
0.002688826
0.0026886675
0.0026886675
0.0026886675
0.0040208795
0.0026886675
0.0028311724
0.0026886675
0.0026886675
0.0026965104
0.003221266
0.0042512235
0.0026886675
0.0026886675
0.0026886675
0.0026886675
0.0026886675
0.0036162976
0.0026889276
0.0026886675
0.0026886675
0.0052532866
0.0026886675
0.0026886675
0.004410622
0.0026886675
0.0026886675
0.0065280846
0.0026886675
0.0031773325
0.004551388
0.0026886675
0.0034418285
0.008527409
0.0026886675
0.025045382
0.0026886675
0.0026886675
0.0056595113
0.0026886675
0.005974823
0.0036932023
0.0026886675
0.0026886675
0.00268876
0.0026886675
0.0026886675
0.0026886675
0.0026886675
0.0034917744
0.002970592
0.0026888142
0.0040589957
0.0026887588
0.002688843
0.0026886675
0.004286625
0.0035858632
0.0026886675
0.0026889911
0.0040298165
0.0026886675
0.006256247
0.0026886675
0.0029548442
0.0028499186
0.0026886675
0.0026886675
0.0029214646
0.0026886675
0.0026886675
0.0048911027
0.0026886954
0.0026886675
0.0026886675
0.0031360087
0.01415781
0.0030829916
0.0026886675
0.0026890228
0.0026886675
0.0026886964
0.0027914727
0.0026886675
0.0044199256
0.0027983554
0.002688748
0.006425831
0.0026886675
0.0026886675
0.002688678
0.0026886675
0.0026886675
0.0028994838
0.0059477896
0.0028402896
0.0026886675
0.0026891583
0.0026886675
0.0045542447
0.0026886675
0.0032974388
0.0026886675
0.008045412
0.0038677752
0.0026887534
0.0026888757
0.0026886675
0.0026886675
0.014059854
0.0026886675
0.0026886675
0.003226707
0.0026886675
0.0027299847
0.0031538047
0.0026888326
0.0026886675
0.0026886675
0.0057213404
0.0026886675
0.0026887686
0.003759888
0.0026886675
0.0026886675
0.0038662844
0.0026886675
0.0026886675
0.0026886675
0.0026886675
0.0026886675
0.004780536
0.0038327083
0.0071244594
0.0026886675
0.0026886675
0.0026886675
0.0026886675
0.0026886675
0.0026886675
0.0026886675
0.0026886675
0.0026886675
0.0026886675
0.0065371073
0.0026886675
0.003038249
0.0034921914
0.002688826
0.0026886675
0.0029138515
0.003198891
0.0026886675
0.0026886675
0.0026886675
0.0026886675
0.00268895
0.0026886675
0.0026886675
0.002688733
0.0026886675
0.0050015054
0.0026892836
0.0027578922
0.0038541842
0.003690901
0.0026887981
0.0026886675
0.0026887867
0.0028376877
0.008481716
0.0032290963
0.005188542
0.0026886675
0.0026886675
0.0027510098
0.0026886675
0.0026886675
0.0026886675
0.0026886675
0.0026886675
0.0026886675
0.0026886675
0.0026886675
0.0026886675
0.002689007
0.0056444886
0.011622003
0.0026886675
0.0026886675
0.0026886675
0.0026887523
0.008996856
0.0026888011
0.002984547
0.0026886675
0.0026886675
0.0026887062
0.0027503623
0.0026886675
0.002688863
0.0026887057
0.0026886675
0.002688677
0.0026886675
0.0026886675
0.0047649066
0.0026886675
0.0026886675
0.0026886675
0.0026886675
0.0026886675
0.0026888286
0.0026889339
0.0026886824
0.0026886675
0.0026886675
0.0026886675
0.0026886675
0.0026887096
0.0026886675
0.0026886675
0.002689108
0.003164771
0.0026886675
