9.935824e-15
1.4102366e-14
1.02622565e-14
9.935824e-15
9.935824e-15
9.935824e-15
9.935824e-15
1.1586374e-14
9.935824e-15
2.286287e-14
9.935824e-15
1.1308271e-14
9.951484e-15
1.4334737e-14
9.988781e-15
9.935824e-15
1.7636275e-14
2.6674496e-14
9.935824e-15
9.939628e-15
9.951202e-15
9.935824e-15
2.2171862e-14
9.935824e-15
9.971683e-15
1.002026e-14
9.935824e-15
1.02275866e-14
9.980877e-15
9.935824e-15
9.935824e-15
9.935824e-15
1.0297701e-14
9.935824e-15
1.0242527e-14
9.935824e-15
9.935824e-15
9.935824e-15
1.24636265e-14
1.1834554e-14
9.935824e-15
9.935824e-15
1.8221688e-14
1.277393e-14
1.13997065e-14
1.0388666e-14
9.935824e-15
9.935824e-15
9.935824e-15
9.935824e-15
9.935824e-15
3.885326e-14
1.0780046e-14
1.25600315e-14
9.935824e-15
1.0858861e-14
1.3252578e-14
1.0002283e-14
9.935824e-15
9.935824e-15
9.935824e-15
9.935824e-15
1.0406139e-14
9.935824e-15
9.935824e-15
9.935824e-15
9.935824e-15
9.935824e-15
9.935824e-15
9.935824e-15
9.935824e-15
2.1490781e-14
1.0286229e-14
9.935824e-15
1.0117679e-14
9.935824e-15
9.935824e-15
9.957347e-15
9.935824e-15
1.0231587e-14
9.935824e-15
1.0416773e-14
1.07818705e-14
9.935824e-15
1.6563507e-14
9.935824e-15
9.935824e-15
9.935824e-15
1.761777e-14
9.935824e-15
9.935824e-15
9.935824e-15
9.935824e-15
9.935824e-15
1.0199221e-14
2.2589491e-14
9.935824e-15
9.935824e-15
1.07655025e-14
9.935824e-15
9.935824e-15
1.340609e-14
9.935824e-15
1.0021984e-14
9.935824e-15
1.784095e-14
9.935824e-15
1.1788841e-14
1.15667465e-14
9.935824e-15
1.0362308e-14
1.0320861e-14
1.0071211e-14
5.7314085e-14
1.0126299e-14
1.7809024e-14
1.0968875e-14
9.935824e-15
9.935824e-15
9.935824e-15
1.0158353e-14
2.6548344e-14
1.0297002e-14
1.1648126e-14
1.0723107e-14
1.0178692e-14
9.935824e-15
9.935824e-15
1.0027415e-14
1.9886358e-14
9.935824e-15
2.679572e-13
1.0114677e-14
1.7113147e-14
1.0335177e-14
2.0338328e-14
1.0121798e-14
9.935824e-15
9.935824e-15
9.935824e-15
9.935824e-15
9.935824e-15
1.0103453e-14
9.935824e-15
9.935824e-15
9.990019e-15
1.0015014e-14
9.935824e-15
0.12491661
9.935824e-15
9.935824e-15
9.935824e-15
9.935824e-15
1.3034601e-14
1.0140091e-14
2.0658114e-14
9.935824e-15
9.935824e-15
9.935824e-15
1.3292356e-14
9.935824e-15
1.2148934e-14
1.0520554e-14
1.0734176e-14
9.935824e-15
1.001645e-14
1.2533348e-14
9.935824e-15
2.5331503e-14
9.935824e-15
9.935824e-15
9.935824e-15
9.9786885e-15
9.935824e-15
9.935824e-15
9.935824e-15
9.935824e-15
9.935824e-15
9.935824e-15
9.935824e-15
2.104458e-14
1.7170556e-14
9.935824e-15
9.935824e-15
9.935824e-15
9.935824e-15
9.935824e-15
9.935824e-15
1.5982106e-14
9.935824e-15
2.4039434e-14
1.0224701e-14
3.5245424e-14
9.935824e-15
9.935824e-15
9.935824e-15
1.1056514e-14
9.935824e-15
9.935824e-15
1.0375372e-14
9.935824e-15
1.0527988e-14
9.935824e-15
9.935824e-15
9.935824e-15
9.935824e-15
9.935824e-15
2.765989e-14
3.0369008e-14
9.9845355e-15
5.9485735e-14
9.935824e-15
1.36151364e-14
9.935824e-15
1.02349905e-14
9.935824e-15
1.1130514e-14
1.0023566e-14
1.1757532e-14
1.0295724e-14
9.935824e-15
9.935824e-15
1.0312506e-14
1.0214394e-14
1.0168163e-14
9.935824e-15
1.16498625e-14
9.935824e-15
9.0856643e-14
1.2913828e-14
9.935824e-15
9.935824e-15
1.4046491e-14
0.12491661
1.1104003e-14
9.935824e-15
1.10813145e-14
1.0917711e-14
9.935824e-15
9.935824e-15
1.00513495e-14
9.935824e-15
9.935824e-15
9.935824e-15
9.935824e-15
9.935824e-15
9.935824e-15
1.00194104e-14
1.2244815e-14
1.851676e-14
1.0088476e-14
9.935824e-15
9.935824e-15
9.935824e-15
9.935824e-15
9.935824e-15
9.935824e-15
9.935824e-15
1.5394729e-14
1.3212603e-14
9.935824e-15
3.370732e-14
9.935824e-15
1.7629412e-14
9.97993e-15
1.0044837e-14
1.0562841e-14
1.0146709e-14
9.935824e-15
9.935824e-15
1.01800985e-14
1.0408734e-14
4.0900365e-14
9.935824e-15
1.1283145e-14
9.935824e-15
9.935824e-15
1.6268193e-14
1.00071556e-14
9.935824e-15
9.935824e-15
1.20797e-14
1.2809265e-14
9.935824e-15
1.1313801e-14
1.0119445e-14
9.935824e-15
2.8837372e-14
9.935824e-15
9.935824e-15
1.1123784e-14
9.935824e-15
1.3226794e-14
1.02010516e-14
9.935824e-15
9.935824e-15
0.12491661
1.02062574e-14
1.0608547e-14
1.5281823e-14
9.935824e-15
1.1756966e-14
1.1594989e-14
9.935824e-15
1.1401346e-14
1.5114893e-14
9.935824e-15
1.0683922e-14
9.935824e-15
9.935824e-15
9.935824e-15
9.9956325e-15
9.940795e-15
9.935824e-15
9.935824e-15
9.935824e-15
1.4994587e-14
9.935824e-15
9.935824e-15
9.935824e-15
1.04453545e-14
1.1012938e-14
9.935824e-15
1.0050728e-14
1.0044918e-14
9.935824e-15
2.4456484e-14
9.935824e-15
9.935824e-15
9.935824e-15
9.935824e-15
9.935824e-15
2.4571382e-14
9.935824e-15
9.935824e-15
9.935824e-15
1.03459645e-14
1.39097565e-14
1.03301385e-14
1.069667e-14
9.935824e-15
1.5991633e-14
9.935824e-15
9.935824e-15
4.0302363e-14
1.1902734e-14
9.935824e-15
1.5896959e-14
1.15275365e-14
9.935824e-15
1.10506764e-14
9.935824e-15
9.935824e-15
1.1973439e-14
9.935824e-15
1.717224e-14
2.0021965e-14
9.935824e-15
1.0622539e-14
1.8568206e-14
1.2377983e-14
9.935824e-15
2.0329497e-14
9.935824e-15
9.935824e-15
1.1666556e-14
9.935824e-15
1.68132e-14
1.0019233e-14
1.0018591e-14
1.3167311e-14
3.32043e-14
9.935824e-15
9.935824e-15
1.0627367e-14
1.1275559e-14
9.935824e-15
1.5732297e-14
1.1067402e-14
9.935824e-15
9.935824e-15
1.3130603e-14
9.935824e-15
9.935824e-15
3.891164e-14
9.935824e-15
9.935824e-15
1.0064001e-14
1.01268735e-14
9.935824e-15
9.935824e-15
1.2734853e-14
9.935824e-15
9.935824e-15
9.935824e-15
9.935824e-15
1.10492085e-14
1.0734709e-14
9.935824e-15
9.962754e-15
1.0349696e-14
9.935824e-15
1.1262241e-14
9.935824e-15
9.971956e-15
1.0128777e-14
9.935824e-15
1.04256635e-14
1.0107881e-14
1.0136923e-14
9.935824e-15
9.935824e-15
9.935824e-15
1.0577989e-14
9.935824e-15
9.935824e-15
1.0221385e-14
0.12491661
9.935824e-15
9.935824e-15
1.477076e-14
9.935824e-15
9.935824e-15
1.02856405e-14
1.5763061e-14
2.085223e-14
9.935824e-15
9.935824e-15
9.935824e-15
1.1498427e-14
1.2477106e-14
9.935824e-15
2.2831422e-14
9.935824e-15
1.7696333e-14
1.0193952e-14
1.1855004e-14
9.935824e-15
1.1956411e-14
1.0024074e-14
1.9668713e-14
9.935824e-15
9.935824e-15
9.989278e-15
1.0064004e-14
1.7905304e-14
1.0540858e-14
1.705679e-14
9.935824e-15
9.6960864e-14
1.39037485e-14
1.185792e-14
9.935824e-15
9.935824e-15
1.0967406e-14
1.4406507e-14
3.822642e-14
9.935824e-15
9.935824e-15
2.28552e-14
9.935824e-15
9.935824e-15
1.6238611e-14
1.7627559e-14
1.0110334e-14
9.935824e-15
1.1179022e-14
9.935824e-15
1.4866374e-14
9.935824e-15
9.935824e-15
1.4892996e-14
9.935824e-15
9.935824e-15
1.0151597e-14
1.3834641e-14
9.935824e-15
9.935824e-15
1.0370673e-14
9.935824e-15
1.059364e-14
9.935824e-15
2.3134777e-14
1.2369247e-14
9.935824e-15
9.935824e-15
9.935824e-15
9.980197e-15
9.935824e-15
9.935824e-15
1.0256802e-14
2.00285e-14
9.935824e-15
1.0270094e-14
9.935824e-15
0.12491661
9.935824e-15
1.0832256e-14
1.3429725e-14
1.2431074e-14
9.935824e-15
9.935824e-15
9.935824e-15
9.935824e-15
1.0005756e-14
1.7168912e-14
9.935824e-15
9.935824e-15
1.418118e-14
9.935824e-15
9.935824e-15
1.0462808e-14
9.935824e-15
1.30015636e-14
0.12491661
1.2120084e-14
9.935824e-15
9.935824e-15
1.0138447e-14
9.950111e-15
9.935824e-15
9.935824e-15
3.1092276e-14
1.0008443e-14
9.935824e-15
9.935824e-15
1.7306249e-14
9.935824e-15
9.935824e-15
2.0580248e-14
9.935824e-15
1.02535845e-14
9.935824e-15
9.935824e-15
9.935824e-15
9.935824e-15
9.935824e-15
9.935824e-15
1.1924779e-14
1.205969e-14
1.0166446e-14
1.2119134e-14
9.935824e-15
9.935824e-15
9.935824e-15
1.1848812e-14
1.1787413e-14
1.015369e-14
1.0296299e-14
1.03086874e-14
9.935824e-15
1.29971946e-14
2.3630383e-14
1.9910416e-14
1.007526e-14
1.3471454e-14
9.935824e-15
1.34209465e-14
9.935824e-15
9.935824e-15
9.935824e-15
9.935824e-15
9.935824e-15
3.0776756e-14
1.1458017e-14
9.935824e-15
9.935824e-15
1.6067593e-14
9.935824e-15
1.1473608e-14
9.935824e-15
9.935824e-15
1.0426211e-14
9.935824e-15
9.935824e-15
9.935824e-15
9.935824e-15
1.01289885e-14
9.935824e-15
1.3864696e-14
1.7282742e-14
1.6128807e-14
1.2716485e-14
9.935824e-15
9.935824e-15
9.935824e-15
9.935824e-15
9.939666e-15
9.935824e-15
9.935824e-15
9.935824e-15
1.073899e-14
1.2378157e-14
9.935824e-15
0.12491661
1.0688904e-14
9.935824e-15
9.935824e-15
9.935824e-15
9.935824e-15
9.935824e-15
1.0094386e-14
1.04165435e-14
9.935824e-15
9.935824e-15
9.98569e-15
9.935824e-15
9.935824e-15
1.4893797e-14
9.935824e-15
9.960868e-15
1.2462002e-14
9.935824e-15
1.0067006e-14
9.935824e-15
1.0095445e-14
1.4318758e-14
9.935824e-15
1.0200836e-14
9.935824e-15
1.0394688e-14
9.935824e-15
1.0455808e-14
1.07195035e-14
9.935824e-15
9.935824e-15
1.0913476e-14
1.1042515e-14
1.0071899e-14
9.935824e-15
9.935824e-15
1.1340909e-14
1.307649e-14
1.6878644e-14
1.023288e-14
1.6150982e-14
9.935824e-15
9.935824e-15
1.076179e-14
1.1074988e-14
3.839332e-14
9.935824e-15
9.935824e-15
9.935824e-15
9.935824e-15
1.0129153e-14
9.935824e-15
9.935824e-15
9.935824e-15
9.935824e-15
1.1318276e-14
9.943135e-15
1.4482627e-14
9.935824e-15
9.935824e-15
9.935824e-15
1.1293331e-14
9.935824e-15
9.935824e-15
1.092137e-14
9.935824e-15
9.935824e-15
3.7134273e-14
9.935824e-15
9.935824e-15
9.935824e-15
9.935824e-15
9.935824e-15
9.935824e-15
1.03889565e-14
1.00993415e-14
1.0287068e-14
9.935824e-15
9.935824e-15
9.935824e-15
9.935824e-15
9.935824e-15
9.935824e-15
2.162757e-14
9.935824e-15
9.935824e-15
1.0031317e-14
1.2101293e-14
9.935824e-15
1.2698535e-14
9.935824e-15
1.4194562e-14
7.050882e-14
9.935824e-15
9.935824e-15
1.143851e-14
9.935824e-15
1.09108635e-14
9.935824e-15
9.935824e-15
9.935824e-15
9.935824e-15
5.18255e-14
9.935824e-15
9.935824e-15
9.935824e-15
9.935824e-15
9.935824e-15
9.978246e-15
9.935824e-15
1.3974964e-14
9.935824e-15
9.935824e-15
9.935824e-15
9.935824e-15
9.935824e-15
9.935824e-15
9.935824e-15
9.935824e-15
1.0466552e-14
9.935824e-15
1.0202675e-14
2.4489884e-14
2.8660275e-14
9.935824e-15
9.972167e-15
1.0139132e-14
1.10222305e-14
9.935824e-15
9.9948295e-15
9.935824e-15
1.03709655e-14
9.935824e-15
9.935824e-15
0.12491661
2.1203749e-14
9.935824e-15
9.935824e-15
1.17719555e-14
1.1719101e-14
1.1106543e-14
1.0010647e-14
9.935824e-15
9.935824e-15
1.7680969e-14
1.7142956e-14
1.9020403e-14
9.935824e-15
9.935824e-15
2.077815e-14
1.1510823e-14
9.935824e-15
9.935824e-15
9.935824e-15
9.935824e-15
1.00696285e-14
1.2813603e-14
9.935824e-15
9.935824e-15
9.935824e-15
2.6611664e-14
1.30428064e-14
1.7548552e-14
1.8534324e-14
0.12491661
1.1914634e-14
9.935824e-15
1.0170927e-14
9.935824e-15
9.935824e-15
9.935824e-15
1.2678187e-14
1.1104195e-14
1.0077332e-14
1.1256496e-14
9.95202e-15
1.00010925e-14
9.935824e-15
1.0442911e-14
9.935824e-15
9.935824e-15
9.935824e-15
8.171428e-14
9.935824e-15
5.164887e-14
9.935824e-15
1.0286149e-14
9.935824e-15
9.935824e-15
1.2768962e-14
1.601967e-14
9.935824e-15
2.0133983e-14
1.1257913e-14
9.935824e-15
1.6377999e-14
1.25953105e-14
2.1019677e-14
9.935824e-15
1.4848567e-14
9.935824e-15
9.935824e-15
9.949221e-15
9.935824e-15
1.0117541e-14
0.12491661
9.935824e-15
1.0207274e-14
9.935824e-15
9.935824e-15
1.9339326e-14
2.4807904e-13
1.4467147e-14
0.12491661
9.935824e-15
9.935824e-15
1.05000694e-14
1.0450586e-14
1.5266793e-14
1.8995302e-14
9.935824e-15
9.935824e-15
1.15976615e-14
1.1043627e-14
1.0511509e-14
2.771544e-14
1.0173692e-14
1.4575065e-14
9.935824e-15
9.935824e-15
1.8033226e-14
1.0192658e-14
2.8709247e-14
1.0132534e-14
9.935824e-15
1.006848e-14
1.0292274e-14
1.0174125e-14
9.935824e-15
9.935824e-15
1.164655e-14
1.2863147e-14
9.935824e-15
9.935824e-15
1.1830173e-14
9.935824e-15
1.23249e-14
1.7477434e-14
9.935824e-15
2.1302176e-14
9.935824e-15
1.0415685e-14
2.6849162e-14
9.935824e-15
9.935824e-15
9.935824e-15
1.15237215e-14
2.72342e-14
9.935824e-15
1.0806907e-14
9.935824e-15
9.935824e-15
1.0392466e-14
9.935824e-15
9.935824e-15
9.935824e-15
1.227312e-14
4.9021093e-14
9.935824e-15
9.935824e-15
9.935824e-15
1.0032683e-14
9.935824e-15
9.935824e-15
1.005573e-14
9.935824e-15
9.935824e-15
1.0161037e-14
9.935824e-15
1.11585715e-14
9.935824e-15
9.935824e-15
1.0948341e-14
9.935824e-15
9.950732e-15
9.935824e-15
9.935824e-15
9.935824e-15
9.935824e-15
1.2553108e-14
9.935824e-15
1.8915823e-14
1.1075964e-14
9.935824e-15
1.0181946e-13
1.0497417e-14
9.935824e-15
1.0077505e-14
1.6437445e-14
9.935824e-15
9.935824e-15
1.0108212e-14
1.689561e-14
9.935824e-15
1.3250835e-14
2.8849068e-14
9.935824e-15
1.19833605e-14
1.0146521e-14
9.935824e-15
1.0385869e-14
1.7401587e-14
2.1328737e-14
9.935824e-15
9.935824e-15
1.089251e-14
9.935824e-15
9.935824e-15
9.935824e-15
1.18457846e-14
9.935824e-15
1.0322916e-14
1.1695804e-14
9.935824e-15
1.186359e-14
9.957015e-15
9.935824e-15
2.2691958e-14
2.852241e-14
9.935824e-15
1.0282142e-14
9.935824e-15
4.3860406e-14
1.15321266e-14
9.935824e-15
1.0568496e-14
9.935824e-15
9.935824e-15
1.0022349e-14
9.935824e-15
9.971926e-15
9.935824e-15
1.0022995e-14
0.12491661
1.23915855e-14
1.3403957e-14
9.935824e-15
9.935824e-15
9.935824e-15
9.935824e-15
9.935824e-15
1.8409873e-14
9.935824e-15
1.0508499e-14
9.935824e-15
9.935824e-15
9.935824e-15
1.0177629e-14
1.0010344e-14
9.9418536e-15
1.834962e-14
9.935824e-15
9.935824e-15
9.935824e-15
9.935824e-15
2.0370824e-14
9.935824e-15
1.0268951e-14
3.9451075e-14
1.1327091e-14
9.935824e-15
1.008648e-14
1.4180205e-14
1.0368382e-14
1.2264987e-14
1.0024579e-14
9.935824e-15
1.1108472e-14
9.935824e-15
1.3900892e-14
9.935824e-15
1.2965977e-14
9.935824e-15
9.935824e-15
2.8112004e-14
1.183065e-14
1.0410984e-14
1.23978756e-14
1.6894079e-14
1.0217967e-14
9.935824e-15
1.038053e-14
9.935824e-15
9.935824e-15
9.935824e-15
1.094025e-14
9.935824e-15
1.7192899e-14
1.1322637e-14
9.935824e-15
9.956925e-15
9.935824e-15
9.935824e-15
9.935824e-15
9.935824e-15
9.935824e-15
5.134298e-14
2.2954132e-14
9.935824e-15
1.3998953e-14
9.935824e-15
9.935824e-15
1.2253143e-14
9.935824e-15
1.2560187e-14
9.935824e-15
1.0244136e-14
9.935824e-15
9.935824e-15
1.2415997e-14
9.935824e-15
9.935824e-15
9.935824e-15
1.0039802e-14
9.935824e-15
1.0453877e-14
3.3641194e-14
9.935824e-15
9.935824e-15
9.935824e-15
1.12507134e-14
1.0097922e-14
9.935824e-15
1.0226457e-14
9.935824e-15
9.935824e-15
9.935824e-15
1.0658264e-14
1.0069411e-14
9.935824e-15
1.09819795e-14
1.2084276e-14
9.935824e-15
1.0018026e-14
1.17378285e-14
9.935824e-15
1.423914e-14
9.935824e-15
1.6490481e-14
9.935824e-15
1.0209012e-14
1.6020522e-14
2.2287578e-14
9.935824e-15
1.2223604e-14
9.935824e-15
1.7549559e-14
1.527498e-14
9.935824e-15
9.935824e-15
9.935824e-15
1.6010115e-14
9.935824e-15
1.07541675e-14
1.0015463e-14
9.935824e-15
9.935824e-15
1.4044943e-14
9.935824e-15
1.026862e-14
9.935824e-15
9.935824e-15
9.935824e-15
9.935824e-15
9.935824e-15
9.935824e-15
9.935824e-15
3.0006982e-14
9.935824e-15
1.3626167e-14
9.935824e-15
1.1839865e-14
1.0391607e-14
1.1463443e-14
1.0095206e-14
9.935824e-15
9.935824e-15
9.935824e-15
9.935824e-15
1.0546117e-14
9.935824e-15
1.3586737e-14
9.935824e-15
6.459619e-14
6.568363e-14
9.935824e-15
9.935824e-15
1.480733e-14
9.935824e-15
9.935824e-15
9.935824e-15
1.0314215e-14
5.237445e-14
9.935824e-15
9.935824e-15
9.935824e-15
7.278219e-14
1.010876e-14
9.935824e-15
9.935824e-15
9.935824e-15
9.935824e-15
1.3265319e-14
1.5515468e-14
0.12491661
9.935824e-15
9.935824e-15
0.12491661
9.935824e-15
9.935824e-15
9.935824e-15
1.1761214e-14
1.2755235e-14
9.935824e-15
9.935824e-15
9.935824e-15
1.0114718e-14
1.0207882e-14
1.24951675e-14
9.935824e-15
3.2056507e-14
9.935824e-15
0.12491661
9.935824e-15
1.00529445e-14
9.935824e-15
9.935824e-15
1.2677309e-14
1.3349274e-14
1.3341106e-14
9.935824e-15
9.944585e-15
4.5455112e-14
9.935824e-15
9.935824e-15
1.4318214e-14
1.048857e-14
1.2822475e-14
1.3136261e-14
1.5369416e-14
1.24750945e-14
9.9363106e-15
1.002043e-14
1.31964015e-14
1.4100931e-14
9.935824e-15
1.00284025e-14
9.935824e-15
9.935824e-15
9.980498e-15
0.12491661
9.935824e-15
1.18933844e-14
9.935824e-15
1.0332629e-14
9.935824e-15
9.935824e-15
9.935824e-15
9.935824e-15
1.1684879e-14
1.1122187e-14
9.935824e-15
1.2493941e-14
1.1099227e-14
1.2316006e-14
1.0198013e-14
9.935824e-15
9.935824e-15
9.935824e-15
9.935824e-15
9.935824e-15
9.935824e-15
9.935824e-15
9.935824e-15
9.935824e-15
9.935824e-15
1.9689101e-14
9.935824e-15
9.935824e-15
1.0046129e-14
9.935824e-15
1.019003e-14
9.935824e-15
9.935824e-15
1.2859114e-14
1.0106922e-14
1.5670696e-14
1.0257776e-14
9.935824e-15
9.935824e-15
9.935824e-15
9.935824e-15
9.935824e-15
9.935824e-15
1.7955243e-14
9.935824e-15
9.935824e-15
9.935824e-15
9.935824e-15
1.0345187e-14
9.935824e-15
1.1742301e-14
9.935824e-15
9.935824e-15
1.1218504e-14
9.935824e-15
9.935824e-15
9.935824e-15
6.142765e-14
9.935824e-15
9.935824e-15
9.935824e-15
9.935824e-15
1.2393254e-14
1.1206364e-14
1.7033284e-14
1.0998466e-14
9.935824e-15
9.935824e-15
1.0478513e-14
9.935824e-15
9.935824e-15
9.935824e-15
1.1396013e-14
1.3518935e-14
9.935824e-15
1.1202069e-14
1.1118396e-14
1.532593e-14
1.121284e-14
9.935824e-15
9.935824e-15
9.935824e-15
1.0070615e-14
1.688556e-13
2.3803876e-14
9.935824e-15
9.935824e-15
9.935824e-15
9.978282e-15
9.935824e-15
1.1298892e-14
9.935824e-15
9.935824e-15
1.3168408e-14
9.935824e-15
1.0095512e-14
1.069143e-14
1.0129314e-14
1.0022269e-14
1.5560722e-14
9.935824e-15
9.935824e-15
1.3571434e-14
1.0718242e-14
9.935824e-15
9.935824e-15
1.7809672e-14
1.1070994e-14
9.935824e-15
9.935824e-15
1.0929936e-14
9.935824e-15
9.935824e-15
9.935824e-15
1.1423926e-14
1.013696e-14
9.935824e-15
9.1636287e-14
9.935824e-15
9.935824e-15
1.0551401e-14
1.101933e-14
1.1801253e-14
1.0793151e-14
9.935824e-15
1.3274276e-14
1.0213454e-14
9.935824e-15
9.935824e-15
1.0355428e-14
9.935824e-15
1.3954786e-14
9.935824e-15
1.0208553e-14
9.935824e-15
1.0028991e-14
1.0780572e-14
1.8953526e-14
1.2184611e-14
9.935824e-15
1.0651779e-14
1.0771705e-14
1.5336287e-14
9.935824e-15
9.935824e-15
9.935824e-15
1.2826954e-14
0.12491661
9.935824e-15
1.2709166e-14
1.02647595e-14
9.977744e-15
9.935824e-15
9.935824e-15
1.3556417e-14
9.935824e-15
9.935824e-15
1.0276125e-14
1.26174045e-14
1.03689225e-14
1.2789495e-14
9.935824e-15
1.0295553e-14
9.992231e-15
1.3392257e-14
9.935824e-15
9.935824e-15
9.935824e-15
9.935824e-15
9.935824e-15
9.935824e-15
1.906843e-14
9.935824e-15
1.0546373e-14
2.5882303e-14
9.946451e-15
1.0445105e-14
2.5178825e-14
9.935824e-15
1.3607895e-13
9.935824e-15
9.935824e-15
1.5351047e-14
1.0734124e-14
9.935824e-15
1.0194118e-14
2.4282368e-14
9.979701e-15
1.16449065e-14
9.935824e-15
9.935824e-15
9.935824e-15
1.0460984e-14
1.435569e-14
1.3387452e-14
1.1029156e-14
1.11684225e-14
9.935824e-15
1.482006e-14
2.48766e-14
9.935824e-15
9.935824e-15
1.130129e-14
9.935824e-15
1.0681391e-14
9.935824e-15
1.4019357e-14
9.935824e-15
9.935824e-15
9.935824e-15
0.12491661
9.935824e-15
1.0760358e-14
9.935824e-15
9.935824e-15
1.11897924e-13
9.935824e-15
9.935824e-15
9.935824e-15
9.935824e-15
1.2395571e-14
9.935824e-15
1.132444e-14
9.935824e-15
1.1442167e-14
9.935824e-15
1.1218831e-14
9.935824e-15
1.0247079e-14
9.946964e-15
9.935824e-15
1.0064268e-14
9.935824e-15
1.0137465e-14
9.935824e-15
9.935824e-15
1.1977676e-14
9.935824e-15
9.935824e-15
9.935824e-15
9.935824e-15
9.935824e-15
1.03960055e-14
9.935824e-15
9.935824e-15
1.3963386e-14
1.0992571e-14
1.4974324e-14
2.2806865e-14
9.935824e-15
1.0243968e-14
9.935824e-15
9.935824e-15
2.4453892e-14
1.0436371e-14
9.935824e-15
1.0507376e-14
9.935824e-15
1.2059586e-14
4.7035645e-14
1.0166634e-14
1.1852789e-14
1.26245805e-14
1.30528396e-14
9.935824e-15
1.25190385e-14
1.0007659e-14
1.8395802e-14
9.942353e-15
0.12491661
1.19919045e-14
9.935824e-15
1.21230235e-14
9.935824e-15
9.935824e-15
9.935824e-15
9.935824e-15
9.935824e-15
1.333136e-14
1.6828537e-14
1.0179821e-14
1.7895909e-14
9.935824e-15
9.935824e-15
9.981795e-15
1.9285529e-14
9.935824e-15
1.1788812e-14
1.05717284e-14
1.2865579e-14
9.935824e-15
9.935824e-15
9.935824e-15
1.2480975e-14
9.935824e-15
1.0027516e-14
1.2998631e-14
1.03008736e-14
2.9075463e-14
9.992425e-15
9.935824e-15
1.0027758e-14
1.12963626e-14
1.0032372e-14
9.935824e-15
9.935824e-15
1.0701386e-14
9.959108e-15
1.14990745e-14
9.935824e-15
9.935824e-15
1.114054e-14
2.3155648e-14
9.962465e-15
9.935824e-15
1.2482532e-14
1.06008215e-14
9.935824e-15
9.935824e-15
1.1521875e-14
1.2595056e-14
9.935824e-15
9.935824e-15
9.935824e-15
9.935824e-15
9.935824e-15
9.987466e-15
9.935824e-15
1.2949999e-14
1.20833265e-14
9.935824e-15
9.935824e-15
1.0289795e-14
1.1081573e-14
1.5326765e-14
9.935824e-15
1.0161634e-14
1.0897231e-14
9.935824e-15
9.935824e-15
1.1586208e-14
9.935824e-15
1.0684195e-14
1.05780575e-14
9.935824e-15
9.935824e-15
9.935824e-15
1.0113819e-14
1.0380981e-14
9.935824e-15
3.2827046e-14
1.01072325e-14
9.935824e-15
2.8041747e-14
1.5870507e-14
9.935824e-15
9.935824e-15
0.12491661
1.8784745e-14
1.2563037e-14
1.4737469e-14
1.0122301e-14
9.935824e-15
1.03433124e-14
1.2531673e-14
9.935824e-15
9.935824e-15
9.935824e-15
9.935824e-15
1.1413658e-14
4.7357632e-14
9.935824e-15
9.935824e-15
1.24179104e-14
9.935824e-15
9.935824e-15
9.935824e-15
1.6984617e-14
9.935824e-15
1.0622092e-14
9.935824e-15
1.0151114e-14
9.935824e-15
1.2034909e-14
2.3964465e-14
1.0867777e-14
1.8301934e-14
9.935824e-15
9.935824e-15
1.1782718e-14
9.935824e-15
9.935824e-15
9.935824e-15
1.1498462e-14
1.2110003e-14
9.935824e-15
1.0171227e-14
9.935824e-15
9.935824e-15
9.935824e-15
9.935824e-15
9.935824e-15
1.150278e-14
9.935824e-15
1.5550708e-14
9.935824e-15
9.935824e-15
9.935824e-15
9.935824e-15
9.935824e-15
9.935824e-15
9.935824e-15
9.961781e-15
2.665645e-14
1.0006474e-14
1.07829225e-14
1.01723405e-14
9.935824e-15
1.0129161e-14
9.935824e-15
1.5839938e-14
9.935824e-15
9.935824e-15
1.02818085e-14
1.299022e-14
9.935824e-15
9.935824e-15
1.478353e-14
1.14850595e-14
1.0005567e-14
1.4661793e-14
1.654369e-14
9.935824e-15
9.935824e-15
9.935824e-15
9.935824e-15
1.2586566e-14
1.13591e-14
1.6242741e-14
9.935824e-15
1.1239074e-14
9.935824e-15
9.935824e-15
1.1390688e-14
9.935824e-15
9.935824e-15
9.935824e-15
1.0093488e-14
9.935824e-15
9.935824e-15
9.935824e-15
9.935824e-15
9.935824e-15
9.935824e-15
1.0115387e-14
3.1058408e-14
1.1931141e-14
1.15911444e-14
1.0262221e-14
9.935824e-15
9.935824e-15
9.935824e-15
1.3645444e-14
1.2253908e-14
9.935824e-15
9.935824e-15
9.935824e-15
9.935824e-15
1.0142277e-14
1.0284986e-14
1.0068038e-14
9.935824e-15
9.935824e-15
1.0717175e-14
9.95418e-15
1.0082893e-14
9.935824e-15
9.935824e-15
1.0317089e-14
9.935824e-15
1.1750629e-14
9.935824e-15
9.935824e-15
9.935824e-15
9.951357e-15
9.935824e-15
1.3225573e-14
1.0307398e-14
1.2587571e-14
2.898561e-14
1.04952574e-14
9.935824e-15
2.695458e-14
3.4921207e-14
1.0884115e-14
1.0347579e-14
9.935824e-15
9.935824e-15
9.935824e-15
9.935824e-15
9.935824e-15
9.935824e-15
1.2350703e-14
0.12491661
1.0140331e-14
1.0027129e-14
2.8689172e-14
1.0059088e-14
9.935824e-15
1.1450575e-14
1.6278111e-14
9.935824e-15
9.935824e-15
9.935824e-15
9.935824e-15
1.0677055e-14
1.9357867e-14
9.935824e-15
1.0784254e-14
9.935824e-15
9.935824e-15
1.4413634e-14
1.0809411e-14
9.935824e-15
9.935824e-15
9.935824e-15
1.0773308e-14
1.5172744e-14
1.14606726e-14
1.5314994e-14
1.1456804e-14
9.935824e-15
1.3137627e-14
1.2613312e-14
9.935824e-15
9.935824e-15
0.12491661
9.935824e-15
9.935824e-15
9.935824e-15
9.935824e-15
1.03262956e-14
1.0204214e-14
9.935824e-15
9.935824e-15
2.3523762e-14
9.935824e-15
9.935824e-15
1.12660295e-14
9.935824e-15
9.961587e-15
9.935824e-15
9.935824e-15
9.935824e-15
1.2378951e-14
9.935824e-15
9.935824e-15
1.0133962e-14
9.935824e-15
9.935824e-15
1.8890571e-14
1.3131076e-14
9.935824e-15
9.935824e-15
9.935824e-15
9.935824e-15
9.935824e-15
1.1024009e-14
9.935824e-15
2.5243508e-14
9.935824e-15
1.0070445e-14
9.935824e-15
1.0891263e-14
9.935824e-15
9.935824e-15
1.1597008e-14
1.683483e-14
9.935824e-15
9.935824e-15
9.935824e-15
9.935824e-15
9.935824e-15
9.935824e-15
9.935824e-15
9.946977e-15
1.5871444e-14
9.935824e-15
1.1737682e-14
9.935824e-15
0.125
9.935824e-15
9.935824e-15
1.04013215e-14
1.0007393e-14
1.0138866e-14
9.935824e-15
1.7070565e-14
1.1540799e-14
9.935824e-15
9.935824e-15
9.935824e-15
1.088696e-14
9.935824e-15
2.5129667e-14
9.935824e-15
9.935824e-15
9.935824e-15
9.935824e-15
9.935824e-15
1.0098053e-14
9.935824e-15
2.083651e-14
9.935824e-15
2.318817e-14
9.935824e-15
9.935824e-15
1.9928093e-14
1.8059518e-14
9.935824e-15
1.4637803e-14
2.0787615e-14
9.935824e-15
9.966191e-15
1.22751295e-14
9.935824e-15
9.935824e-15
2.0663027e-14
9.935824e-15
9.935824e-15
2.117298e-14
9.935824e-15
9.935824e-15
1.0361141e-14
9.935824e-15
1.0119665e-14
9.935824e-15
9.935824e-15
9.935824e-15
9.935824e-15
1.04266994e-14
1.6926852e-14
1.1405844e-14
1.1564641e-14
9.935824e-15
9.935824e-15
1.08116725e-14
9.935824e-15
1.0894475e-14
9.935824e-15
1.0353043e-14
2.5093793e-14
1.8791743e-14
1.5921902e-14
1.0336403e-14
9.935824e-15
9.935824e-15
9.935824e-15
1.0496244e-14
1.3151198e-14
9.935824e-15
9.935824e-15
9.935824e-15
1.416119e-14
9.935824e-15
9.935824e-15
1.1050192e-14
9.935824e-15
9.935824e-15
9.935824e-15
9.935824e-15
9.935824e-15
9.935824e-15
9.935824e-15
9.935824e-15
2.5654299e-14
9.935824e-15
9.935824e-15
9.935824e-15
0.12491661
8.469049e-14
1.0311083e-14
9.935824e-15
9.935824e-15
9.935824e-15
9.935824e-15
1.0275952e-14
9.935824e-15
9.935824e-15
1.0103827e-14
1.1307398e-14
9.935824e-15
9.935824e-15
2.9296556e-14
4.918405e-14
0.12491661
1.0179681e-14
1.149282e-14
4.972244e-13
9.935824e-15
1.01310045e-14
1.0758772e-14
9.935824e-15
9.935824e-15
9.935824e-15
9.935824e-15
1.0688837e-14
1.14337e-14
9.935824e-15
9.935824e-15
9.935824e-15
9.935824e-15
9.935824e-15
1.0822657e-14
1.16654496e-14
1.04193845e-14
9.935824e-15
9.935824e-15
9.9518375e-15
1.1816382e-14
1.6046568e-14
0.12491661
1.06021395e-14
1.079155e-14
1.0579786e-14
1.0540573e-14
9.935824e-15
1.0014982e-14
9.935824e-15
9.935824e-15
9.935824e-15
1.0680065e-14
9.935824e-15
1.8381177e-14
1.1253727e-14
1.3583676e-14
9.935824e-15
9.935824e-15
9.935824e-15
1.1053139e-14
1.4129967e-14
0.12491661
9.935824e-15
9.935824e-15
9.935824e-15
9.935824e-15
9.935824e-15
1.0608785e-14
9.935824e-15
9.935824e-15
1.8292161e-14
9.935824e-15
1.0056535e-14
1.29701945e-14
1.1500339e-14
1.0270935e-14
9.935824e-15
9.935824e-15
9.935824e-15
1.6164555e-14
1.00168736e-14
9.935824e-15
3.7415133e-14
1.3972165e-14
5.1293547e-14
9.935824e-15
1.0049212e-14
9.935824e-15
9.935824e-15
8.011467e-14
1.1801714e-14
2.518814e-14
1.1609818e-14
6.377841e-14
9.935824e-15
9.935824e-15
1.1286442e-14
9.935824e-15
1.14301e-14
9.935824e-15
1.06994525e-14
1.2755595e-14
0.12491661
9.935824e-15
1.0556399e-14
1.1550217e-14
1.112707e-14
1.0711015e-14
9.935824e-15
1.4315975e-14
9.935824e-15
1.0317536e-14
9.935824e-15
9.935824e-15
1.0359039e-14
9.935824e-15
9.935824e-15
1.4284858e-14
9.935824e-15
9.935824e-15
9.935824e-15
1.3375883e-14
9.935824e-15
9.935824e-15
3.5212393e-14
1.2905716e-14
9.935824e-15
1.1385299e-14
1.7832188e-14
9.935824e-15
9.935824e-15
1.0685623e-14
9.935824e-15
1.08716315e-14
1.3019819e-14
9.935824e-15
9.935824e-15
1.2866905e-14
9.935824e-15
9.935824e-15
0.12491661
2.1336738e-14
9.935824e-15
9.935824e-15
2.0581791e-14
9.935824e-15
1.0872241e-14
9.935824e-15
1.0147202e-14
1.0551641e-14
9.935824e-15
9.935824e-15
1.0081379e-14
9.935824e-15
9.935824e-15
1.3812635e-14
2.507628e-14
9.935824e-15
9.935824e-15
1.8479382e-14
9.968421e-15
1.2755178e-14
9.935824e-15
1.1748121e-14
