2.8447894e-10
2.8447894e-10
2.8447894e-10
2.8447894e-10
2.8447894e-10
2.8447894e-10
2.8447894e-10
2.8447894e-10
2.8447894e-10
5.5597643e-10
2.8447894e-10
7.037229e-10
2.8447894e-10
2.8447894e-10
2.8447894e-10
2.8447894e-10
5.5163196e-10
2.8447894e-10
4.9652205e-10
2.8447894e-10
2.8447894e-10
4.3457027e-10
2.8447894e-10
2.8447894e-10
2.8447894e-10
2.8447894e-10
2.8447894e-10
2.8447894e-10
3.2790262e-10
3.4998113e-10
2.8447894e-10
2.8447894e-10
2.8447894e-10
2.8447894e-10
3.0088543e-10
2.8447894e-10
2.8447894e-10
6.8035655e-10
2.980273e-10
2.8447894e-10
2.8447894e-10
2.8447894e-10
2.8447894e-10
2.8447894e-10
2.8447894e-10
2.8447894e-10
2.8447894e-10
2.8617797e-10
2.8447894e-10
2.8447894e-10
2.8447894e-10
2.8447894e-10
2.8447894e-10
4.0561912e-10
8.589185e-10
2.8447894e-10
2.8447894e-10
5.2199084e-10
2.8447894e-10
3.389579e-10
6.561308e-10
1.3496096e-09
2.8447894e-10
2.8447894e-10
2.8447894e-10
3.4934683e-10
1.7022764e-09
2.8447894e-10
2.8447894e-10
2.8447894e-10
2.8447894e-10
3.9636203e-10
2.8447894e-10
2.8447894e-10
2.8447894e-10
2.8447894e-10
2.8447894e-10
3.950096e-10
2.8447894e-10
2.8447894e-10
2.8447894e-10
2.8447894e-10
3.311255e-10
4.6448262e-10
3.0090438e-10
2.8447894e-10
2.8447894e-10
2.8447894e-10
3.8122197e-10
2.8447894e-10
2.8447894e-10
2.8447894e-10
2.6564557e-09
3.1670974e-10
1.0374277e-09
2.8447894e-10
2.8447894e-10
2.8447894e-10
2.8447894e-10
2.8447894e-10
2.8447894e-10
2.8447894e-10
3.492383e-10
6.508026e-10
2.892814e-10
3.7947945e-10
2.8447894e-10
3.1159567e-10
2.8447894e-10
6.6378397e-10
1.3281968e-09
2.8447894e-10
2.8447894e-10
2.8447894e-10
2.8447894e-10
2.8447894e-10
2.8447894e-10
3.9272355e-10
2.8447894e-10
2.8447894e-10
2.8447894e-10
2.9171104e-10
2.8447894e-10
3.7080125e-10
3.7292408e-10
5.909811e-10
2.8447894e-10
2.8447894e-10
2.8447894e-10
2.8447894e-10
2.8447894e-10
2.8447894e-10
1.20215e-09
2.8447894e-10
2.8447894e-10
1.0146703e-09
3.6647357e-10
6.0337324e-10
2.8447894e-10
2.8447894e-10
2.8447894e-10
4.8257204e-10
2.8447894e-10
2.8447894e-10
2.8447894e-10
4.9916465e-10
2.8447894e-10
3.8115144e-10
2.8447894e-10
2.8447894e-10
5.591808e-10
3.1823208e-10
4.4858053e-10
3.4977624e-10
5.023308e-10
4.9432597e-10
2.9288014e-10
2.8447894e-10
2.8447894e-10
2.8447894e-10
2.950765e-10
2.8447894e-10
2.8447894e-10
2.8447894e-10
3.6077544e-10
2.8447894e-10
2.8447894e-10
2.8447894e-10
2.8447894e-10
2.8447894e-10
2.8447894e-10
3.3126765e-10
3.7395476e-10
1.2169868e-09
2.8447894e-10
2.8447894e-10
5.1609256e-10
2.8447894e-10
2.8447894e-10
2.9625735e-10
2.8447894e-10
3.642867e-10
2.8447894e-10
2.8447894e-10
2.8447894e-10
2.8447894e-10
2.8447894e-10
3.442497e-10
6.367473e-10
2.8447894e-10
3.8106351e-10
4.738262e-10
3.600145e-10
2.8447894e-10
4.2941722e-10
2.8447894e-10
2.8447894e-10
2.8447894e-10
2.8447894e-10
2.8447894e-10
2.8447894e-10
2.8447894e-10
2.9011024e-10
2.8447894e-10
6.546495e-10
3.8893672e-10
2.8447894e-10
2.8447894e-10
0.5
3.2106767e-10
3.240948e-10
2.8447894e-10
2.8447894e-10
2.8447894e-10
3.2717293e-10
2.8447894e-10
2.8447894e-10
2.8447894e-10
1.8494184e-09
2.8447894e-10
2.8447894e-10
2.8447894e-10
3.5804226e-10
2.8447894e-10
2.8447894e-10
5.047222e-10
6.366647e-10
2.8447894e-10
5.7553196e-10
3.1658534e-10
3.2967856e-10
2.8447894e-10
2.8447894e-10
2.8447894e-10
2.8447894e-10
2.9631725e-10
2.8447894e-10
3.9529374e-10
2.8447894e-10
2.8447894e-10
2.8447894e-10
2.8447894e-10
2.8447894e-10
7.3380924e-10
2.8447894e-10
4.8949317e-10
2.8447894e-10
3.4906047e-10
3.3327985e-10
4.596521e-10
3.6089037e-10
2.8447894e-10
5.0904475e-10
2.8447894e-10
2.8447894e-10
2.8447894e-10
2.8447894e-10
2.8447894e-10
2.8447894e-10
5.8502136e-10
2.8447894e-10
1.2057877e-09
2.8447894e-10
2.8447894e-10
2.8447894e-10
3.2969869e-10
2.8447894e-10
5.233546e-10
3.106575e-10
4.931103e-10
2.8447894e-10
3.1212924e-10
2.8447894e-10
2.8447894e-10
2.8447894e-10
4.841651e-10
1.2084378e-09
2.8447894e-10
2.8447894e-10
2.8447894e-10
2.8447894e-10
2.8447894e-10
2.990403e-10
3.1346925e-10
2.8447894e-10
6.38081e-10
2.8447894e-10
2.8447894e-10
0.5
2.8447894e-10
2.8447894e-10
1.7828989e-09
2.8447894e-10
2.8447894e-10
2.8447894e-10
2.8447894e-10
2.8447894e-10
2.8447894e-10
2.8447894e-10
2.8447894e-10
2.8447894e-10
3.482651e-10
2.8447894e-10
2.8447894e-10
8.083688e-10
2.8447894e-10
2.8447894e-10
3.0608513e-10
2.8447894e-10
2.8447894e-10
2.8447894e-10
2.8447894e-10
2.8447894e-10
2.8447894e-10
2.8447894e-10
2.8447894e-10
6.974624e-10
2.8447894e-10
2.8447894e-10
2.8447894e-10
2.8447894e-10
2.8447894e-10
2.8447894e-10
3.279927e-10
2.8447894e-10
2.8447894e-10
3.6552836e-10
2.8447894e-10
4.1141696e-10
2.8447894e-10
2.6150666e-09
5.421617e-10
3.5668926e-10
2.8447894e-10
2.8447894e-10
2.8447894e-10
2.87542e-10
6.621945e-10
2.8447894e-10
3.9198644e-10
4.1495307e-10
2.8447894e-10
0.5
5.3670246e-10
5.028475e-10
8.8228075e-10
2.8447894e-10
4.3141213e-10
3.8426032e-10
2.8447894e-10
2.8447894e-10
1.0135639e-09
2.8447894e-10
2.8447894e-10
2.8447894e-10
2.8447894e-10
2.8447894e-10
2.8447894e-10
3.6947614e-10
3.8909326e-10
5.418588e-10
2.8447894e-10
2.8447894e-10
2.8447894e-10
3.1802697e-10
2.8447894e-10
2.279749e-09
2.8447894e-10
3.3613412e-10
6.769638e-10
2.8447894e-10
2.8447894e-10
2.8447894e-10
2.8447894e-10
2.8447894e-10
2.8447894e-10
4.81602e-10
2.8447894e-10
2.8447894e-10
5.930814e-10
3.2921488e-10
2.8447894e-10
3.6618153e-10
5.7164273e-10
2.8447894e-10
2.8447894e-10
2.8447894e-10
6.783701e-10
3.284898e-10
3.683763e-10
2.8447894e-10
2.8447894e-10
2.8447894e-10
2.8447894e-10
2.8447894e-10
3.0896805e-10
2.8447894e-10
3.8845852e-10
2.8447894e-10
2.8447894e-10
2.8447894e-10
3.2401135e-10
2.8447894e-10
2.8447894e-10
2.9017277e-10
2.8447894e-10
2.8447894e-10
2.8447894e-10
2.8447894e-10
2.8447894e-10
2.8447894e-10
2.8447894e-10
3.6842757e-10
2.8447894e-10
9.616661e-10
3.0535915e-10
2.8447894e-10
2.8447894e-10
2.8447894e-10
2.8447894e-10
2.8447894e-10
2.8447894e-10
3.4338998e-10
1.1928177e-09
0.5
2.8447894e-10
2.8447894e-10
2.8447894e-10
2.8447894e-10
3.9873618e-10
4.1711146e-10
2.8447894e-10
2.8447894e-10
2.8447894e-10
4.381006e-10
3.9354095e-10
2.8447894e-10
2.8447894e-10
2.8447894e-10
5.277814e-10
2.98973e-10
1.0036297e-09
2.8447894e-10
1.932633e-09
3.639978e-10
2.8447894e-10
2.8447894e-10
5.549075e-10
2.8447894e-10
9.1138186e-10
2.8447894e-10
2.9879912e-10
2.8447894e-10
5.6603455e-10
3.1898437e-10
2.8447894e-10
2.9532873e-10
2.8447894e-10
3.056919e-10
2.8857053e-10
3.7815936e-10
2.8447894e-10
2.8447894e-10
4.3936918e-10
2.8447894e-10
3.8649192e-10
4.2204434e-10
2.8447894e-10
2.8447894e-10
3.3908396e-10
2.8447894e-10
2.862511e-10
2.8447894e-10
2.8447894e-10
2.8447894e-10
2.8447894e-10
0.5
2.8447894e-10
2.8447894e-10
2.8447894e-10
2.8447894e-10
2.933184e-10
2.8447894e-10
2.8447894e-10
4.4123527e-10
2.8447894e-10
2.8447894e-10
2.8447894e-10
2.8447894e-10
2.8447894e-10
2.8447894e-10
5.2433075e-10
2.8447894e-10
2.8447894e-10
2.8447894e-10
8.952402e-10
2.8447894e-10
2.8447894e-10
2.8447894e-10
2.8735833e-10
2.8447894e-10
2.8447894e-10
2.8447894e-10
2.8447894e-10
3.0079877e-10
2.8447894e-10
2.8447894e-10
2.9645067e-10
2.8447894e-10
2.8447894e-10
5.115481e-10
2.8447894e-10
3.1868458e-10
3.2234826e-10
2.8447894e-10
3.552248e-10
4.4220164e-10
3.7018574e-10
3.028869e-10
2.8447894e-10
6.2585753e-10
2.8447894e-10
2.8447894e-10
4.1690543e-10
2.8447894e-10
4.1594836e-10
2.8447894e-10
2.8447894e-10
2.8447894e-10
2.8447894e-10
7.7314344e-10
3.1309463e-10
2.8447894e-10
1.9360384e-09
3.522709e-10
2.8447894e-10
1.0753625e-09
3.1681427e-10
2.8447894e-10
2.8447894e-10
2.8447894e-10
2.8447894e-10
2.8447894e-10
2.8447894e-10
3.4322564e-10
8.1029217e-10
2.8447894e-10
1.6207397e-09
2.8447894e-10
5.0138316e-10
3.2541356e-10
2.8447894e-10
3.3668143e-10
2.8447894e-10
4.394983e-10
4.2552975e-10
2.8447894e-10
2.8447894e-10
2.8447894e-10
5.353447e-10
7.2909506e-10
3.4965816e-10
2.8447894e-10
2.8447894e-10
2.8447894e-10
2.8447894e-10
2.887285e-10
2.8447894e-10
7.227744e-10
2.8447894e-10
1.9460602e-09
2.8447894e-10
6.110611e-10
2.8447894e-10
3.732016e-10
1.6270149e-09
2.8447894e-10
2.8447894e-10
1.6601874e-09
6.5168443e-10
4.493118e-10
2.8447894e-10
3.219311e-10
2.8447894e-10
4.402072e-10
2.8447894e-10
4.7021154e-10
2.8447894e-10
4.1963866e-10
2.891777e-10
2.8447894e-10
2.8447894e-10
2.8447894e-10
9.408486e-10
2.8447894e-10
5.350242e-10
2.8447894e-10
2.8447894e-10
2.8447894e-10
5.9502236e-10
2.8447894e-10
2.8447894e-10
3.600859e-10
4.1234005e-10
3.036157e-10
2.8447894e-10
3.5780334e-10
2.8447894e-10
2.8447894e-10
2.8447894e-10
3.775331e-10
2.8447894e-10
2.8447894e-10
3.803033e-10
2.8447894e-10
1.0441255e-09
4.161174e-10
3.7445222e-10
3.8459394e-10
2.8447894e-10
2.8447894e-10
2.8447894e-10
2.8447894e-10
2.8447894e-10
4.405751e-10
2.8447894e-10
2.8447894e-10
2.8447894e-10
2.8447894e-10
4.158254e-10
2.8447894e-10
3.4325903e-10
3.0679118e-10
2.8447894e-10
3.229926e-10
2.8447894e-10
2.8447894e-10
2.8447894e-10
2.8447894e-10
2.8447894e-10
2.8447894e-10
2.8447894e-10
4.1147424e-10
2.8447894e-10
2.8447894e-10
2.8631994e-10
4.5299825e-10
8.770794e-10
2.8447894e-10
2.8447894e-10
2.8682715e-10
2.8447894e-10
2.8447894e-10
3.06032e-10
2.8447894e-10
2.8447894e-10
3.299063e-10
2.8447894e-10
2.8447894e-10
2.8447894e-10
2.8447894e-10
2.8447894e-10
2.8447894e-10
2.8447894e-10
3.0094394e-10
1.041641e-09
2.8447894e-10
4.5826024e-10
2.8447894e-10
2.8447894e-10
4.9764554e-10
2.8447894e-10
2.8447894e-10
2.8447894e-10
2.8447894e-10
8.544707e-10
4.5709225e-10
2.8447894e-10
2.8447894e-10
2.955406e-10
2.8447894e-10
2.8447894e-10
2.8447894e-10
6.504588e-10
7.623978e-10
2.8447894e-10
2.8447894e-10
4.48946e-10
3.5231656e-10
8.6403185e-10
2.8673364e-10
2.8447894e-10
2.999331e-10
2.8447894e-10
2.902453e-10
2.8447894e-10
9.970377e-10
2.8447894e-10
2.8447894e-10
2.8447894e-10
2.8447894e-10
4.4219914e-10
2.8447894e-10
1.0018071e-09
2.8447894e-10
2.8447894e-10
6.645048e-10
2.8447894e-10
2.8447894e-10
2.8447894e-10
2.8447894e-10
2.8447894e-10
2.8447894e-10
2.8447894e-10
6.030546e-10
2.8447894e-10
2.8447894e-10
5.6484173e-10
2.8447894e-10
4.707221e-10
2.8447894e-10
7.950548e-10
2.8447894e-10
2.9486716e-10
3.453928e-10
2.8447894e-10
2.8447894e-10
7.4148826e-10
2.8447894e-10
4.5286688e-10
2.8447894e-10
2.8447894e-10
1.3454072e-09
5.5226784e-10
2.8447894e-10
7.6192247e-10
2.8447894e-10
2.8447894e-10
2.8447894e-10
3.8116094e-10
2.8447894e-10
9.163635e-10
2.8447894e-10
2.8447894e-10
2.8447894e-10
2.8447894e-10
7.2597284e-10
2.8447894e-10
3.2033728e-10
2.8447894e-10
2.8447894e-10
3.3849978e-10
2.8447894e-10
2.9564826e-10
2.8447894e-10
2.8447894e-10
3.0312095e-10
3.880727e-10
4.7078674e-10
2.8447894e-10
2.8447894e-10
2.8447894e-10
2.8447894e-10
2.8447894e-10
6.096804e-10
2.8447894e-10
2.8447894e-10
2.8447894e-10
2.8447894e-10
3.1007677e-10
2.8447894e-10
7.047383e-10
1.708802e-09
3.155406e-10
6.1828653e-10
2.8447894e-10
2.8447894e-10
2.8447894e-10
2.8447894e-10
2.8447894e-10
4.2075507e-10
2.8447894e-10
2.8447894e-10
3.616304e-10
2.8447894e-10
8.2471024e-10
2.8447894e-10
2.8447894e-10
4.5706608e-10
2.8447894e-10
3.491604e-10
4.0736592e-10
2.8447894e-10
2.8447894e-10
3.943855e-10
3.2190037e-10
4.538137e-10
2.8447894e-10
2.8447894e-10
2.8447894e-10
0.5
7.2786677e-10
3.1226025e-10
3.148228e-10
2.8447894e-10
4.4797693e-10
2.8447894e-10
3.0436834e-10
2.8447894e-10
2.8447894e-10
3.0513847e-10
3.6880018e-10
2.8447894e-10
2.8447894e-10
2.8447894e-10
2.8447894e-10
2.8447894e-10
3.0775119e-10
2.8447894e-10
2.8447894e-10
2.8447894e-10
3.7266032e-10
2.8447894e-10
4.0301257e-10
2.8447894e-10
2.8447894e-10
2.8447894e-10
4.865322e-10
2.8447894e-10
3.2016262e-10
7.2455353e-10
2.8447894e-10
2.8447894e-10
2.8447894e-10
2.8447894e-10
2.8447894e-10
5.093701e-10
2.8447894e-10
3.1457495e-10
1.1899364e-09
2.8447894e-10
5.933496e-10
2.944451e-10
6.244398e-10
2.8447894e-10
2.8447894e-10
2.8447894e-10
3.6274542e-10
2.8447894e-10
3.080542e-10
2.8447894e-10
5.2021965e-10
2.8447894e-10
2.8447894e-10
2.8447894e-10
2.8447894e-10
3.0022676e-10
1.0127136e-09
2.8447894e-10
1.0559901e-09
2.8447894e-10
2.8447894e-10
2.8447894e-10
2.8447894e-10
2.8447894e-10
2.8447894e-10
2.8447894e-10
2.8447894e-10
2.8447894e-10
4.8658794e-10
5.2348736e-10
4.733971e-10
2.8447894e-10
2.8447894e-10
2.8447894e-10
3.449833e-10
2.8447894e-10
2.8447894e-10
3.2701258e-10
2.8447894e-10
2.8447894e-10
2.8447894e-10
1.1703001e-09
2.8447894e-10
4.378508e-10
2.8447894e-10
2.8447894e-10
2.8447894e-10
2.8447894e-10
2.8447894e-10
2.8447894e-10
2.8819427e-10
2.8447894e-10
2.8447894e-10
2.8447894e-10
2.8447894e-10
2.8447894e-10
3.0639938e-10
3.186262e-10
5.7224486e-10
7.397522e-10
3.027477e-10
2.8447894e-10
1.3125326e-09
2.8447894e-10
2.8447894e-10
2.8447894e-10
3.7723868e-10
2.8447894e-10
2.9609803e-10
2.8447894e-10
7.813907e-10
2.8447894e-10
2.8447894e-10
2.8447894e-10
2.8447894e-10
2.8447894e-10
2.8447894e-10
4.857487e-10
2.8447894e-10
4.900387e-10
2.8447894e-10
2.8447894e-10
2.8447894e-10
2.8447894e-10
3.4293135e-09
2.8447894e-10
2.8447894e-10
2.8447894e-10
2.8447894e-10
2.8447894e-10
2.8447894e-10
3.4482864e-10
2.8447894e-10
3.062019e-10
7.9837215e-10
2.9353558e-10
4.9139304e-10
2.8447894e-10
2.8447894e-10
2.8447894e-10
2.8447894e-10
2.8447894e-10
2.8447894e-10
1.4367726e-09
4.736943e-10
2.8447894e-10
2.8447894e-10
3.1431824e-10
3.780274e-10
4.456418e-10
2.8447894e-10
2.8447894e-10
1.7094048e-09
2.8447894e-10
2.8447894e-10
3.4746225e-10
2.8447894e-10
2.8447894e-10
7.5306733e-10
2.8447894e-10
2.8447894e-10
3.050273e-10
2.8447894e-10
2.8447894e-10
2.8447894e-10
2.8447894e-10
2.8447894e-10
3.6440065e-10
2.8447894e-10
7.580579e-10
4.8199156e-10
2.8447894e-10
2.8447894e-10
4.072323e-10
2.8447894e-10
2.8447894e-10
2.8447894e-10
1.0595308e-09
2.8447894e-10
2.8447894e-10
2.8447894e-10
3.3733516e-10
4.528548e-10
3.113432e-10
1.508444e-09
7.999375e-10
7.571332e-10
2.8447894e-10
2.8447894e-10
2.8447894e-10
2.8447894e-10
2.8447894e-10
2.8447894e-10
2.8447894e-10
6.6014394e-10
2.8447894e-10
4.799376e-10
3.5201966e-10
2.8447894e-10
2.8447894e-10
2.8447894e-10
2.8447894e-10
2.8447894e-10
4.1978757e-10
2.8447894e-10
2.8447894e-10
5.735102e-10
4.1426187e-10
3.6189212e-09
3.9049097e-10
2.8447894e-10
2.8447894e-10
2.8447894e-10
2.8447894e-10
2.8447894e-10
3.8961903e-10
2.8447894e-10
2.8447894e-10
3.7566977e-10
2.8447894e-10
2.8447894e-10
2.8447894e-10
2.8447894e-10
6.6927985e-10
2.8447894e-10
8.768202e-10
3.221565e-10
5.3120297e-10
3.439865e-10
2.8447894e-10
2.8447894e-10
2.8447894e-10
4.5988188e-10
5.5090227e-10
2.8447894e-10
3.4234168e-10
4.853802e-10
2.8447894e-10
2.8447894e-10
2.8447894e-10
2.8447894e-10
2.8447894e-10
2.8447894e-10
4.4897258e-10
4.1623643e-10
4.973751e-10
2.8447894e-10
2.8738906e-10
2.8447894e-10
2.8447894e-10
3.3760872e-10
4.43874e-10
2.8447894e-10
2.8447894e-10
2.8447894e-10
2.8447894e-10
3.4654957e-10
2.8447894e-10
2.8447894e-10
2.8447894e-10
2.8447894e-10
2.8447894e-10
2.886762e-10
2.8447894e-10
7.553878e-10
2.8447894e-10
2.8447894e-10
3.328345e-10
2.8447894e-10
3.210854e-10
4.25546e-10
2.8447894e-10
2.8447894e-10
2.8447894e-10
7.703129e-10
2.8447894e-10
3.3035652e-10
2.8447894e-10
2.8447894e-10
2.8447894e-10
2.8447894e-10
3.167478e-10
2.8447894e-10
2.8447894e-10
1.0682646e-09
2.8447894e-10
2.8447894e-10
0.5
2.8447894e-10
2.8447894e-10
2.8447894e-10
2.8447894e-10
4.241443e-09
1.186942e-09
0.5
2.8447894e-10
4.1385834e-10
2.8447894e-10
2.8447894e-10
2.8447894e-10
2.8447894e-10
3.8761552e-10
2.8447894e-10
1.0241452e-09
2.8447894e-10
4.558098e-10
2.8447894e-10
3.2171438e-10
2.8691252e-10
2.8447894e-10
2.8447894e-10
2.8447894e-10
2.8447894e-10
2.8447894e-10
2.8447894e-10
2.8447894e-10
2.8447894e-10
2.8447894e-10
4.0699003e-10
5.3504057e-10
2.8447894e-10
2.8447894e-10
2.8447894e-10
2.8447894e-10
2.8447894e-10
2.8447894e-10
2.8447894e-10
2.8447894e-10
6.450338e-10
5.3025945e-10
3.3202674e-10
4.0307174e-10
6.5955624e-10
2.9240402e-10
2.8447894e-10
4.7806836e-10
2.8447894e-10
2.8447894e-10
2.8447894e-10
2.8447894e-10
3.1418457e-10
2.8447894e-10
6.36036e-10
3.3418115e-10
2.8447894e-10
4.4734505e-10
3.2816977e-10
2.8447894e-10
2.8447894e-10
1.1798073e-09
3.0076264e-10
2.8447894e-10
2.8447894e-10
3.881164e-10
2.8447894e-10
2.8447894e-10
2.8447894e-10
2.8447894e-10
1.0127678e-09
4.031279e-10
4.5850856e-10
6.0596356e-10
2.8447894e-10
2.8447894e-10
4.1572393e-10
2.8447894e-10
4.4410087e-10
2.8447894e-10
6.009373e-10
0.5
2.8447894e-10
5.803658e-10
2.8447894e-10
2.8447894e-10
2.8447894e-10
6.276531e-10
2.8447894e-10
3.4444939e-10
2.8447894e-10
3.581987e-10
2.8447894e-10
2.8447894e-10
3.3701167e-10
4.2804674e-10
3.5736136e-10
3.1931005e-10
3.1429243e-10
2.9342362e-10
3.010645e-10
2.8447894e-10
2.8447894e-10
1.3373915e-09
2.8447894e-10
2.8447894e-10
2.9440692e-10
2.8447894e-10
2.8447894e-10
2.8884034e-10
6.5531286e-10
2.8447894e-10
2.8447894e-10
2.8447894e-10
2.8447894e-10
2.8447894e-10
3.1439875e-09
2.8447894e-10
2.8447894e-10
4.2833087e-10
2.8447894e-10
2.8562067e-10
2.8447894e-10
5.8113564e-10
2.8447894e-10
2.953884e-10
2.8447894e-10
2.8447894e-10
2.8447894e-10
3.1735858e-10
2.8447894e-10
2.8447894e-10
2.8447894e-10
2.8447894e-10
6.874697e-10
2.8447894e-10
2.8447894e-10
2.8447894e-10
2.8447894e-10
2.0685025e-09
5.2456184e-10
9.377547e-10
3.258968e-10
2.8447894e-10
2.8447894e-10
2.964546e-10
4.0045253e-10
2.8447894e-10
4.4737322e-10
2.8447894e-10
2.8447894e-10
0.5
2.8447894e-10
2.8447894e-10
3.6994083e-10
2.8447894e-10
2.8447894e-10
2.8447894e-10
1.0680262e-09
3.2901962e-10
2.8447894e-10
2.8447894e-10
2.8447894e-10
4.5329904e-10
2.8447894e-10
2.8447894e-10
3.5849532e-10
3.9338705e-10
2.8447894e-10
4.315924e-10
1.0094333e-09
2.8447894e-10
2.8447894e-10
5.132643e-10
2.8447894e-10
2.8447894e-10
3.087336e-10
3.4530323e-10
2.8447894e-10
2.8447894e-10
2.8447894e-10
2.8447894e-10
2.4570121e-09
2.8447894e-10
2.8447894e-10
2.8447894e-10
2.8447894e-10
2.8447894e-10
3.082693e-10
2.8447894e-10
2.8447894e-10
2.8447894e-10
2.8447894e-10
2.8447894e-10
4.236234e-10
6.359341e-10
3.1187455e-10
2.8447894e-10
2.8447894e-10
2.8447894e-10
2.8447894e-10
2.8447894e-10
2.8447894e-10
3.1168307e-10
2.8447894e-10
2.8447894e-10
2.8447894e-10
2.8447894e-10
3.4231493e-10
6.122488e-10
2.8447894e-10
2.8447894e-10
1.4995941e-09
2.8447894e-10
2.8447894e-10
2.8447894e-10
3.7990236e-10
0.5
7.620401e-10
2.8447894e-10
2.8447894e-10
3.1706152e-10
2.8447894e-10
0.5
3.02765e-10
2.8447894e-10
3.1851868e-10
2.8447894e-10
2.8447894e-10
3.8952472e-10
2.8447894e-10
2.8447894e-10
3.3844302e-10
2.8447894e-10
2.8447894e-10
2.8447894e-10
3.7715595e-10
2.8447894e-10
3.1652858e-10
2.8447894e-10
2.8447894e-10
2.8447894e-10
3.5097586e-10
2.8447894e-10
2.8447894e-10
2.8447894e-10
2.8447894e-10
4.113675e-10
4.144832e-10
5.2270016e-10
1.4864521e-09
3.9852174e-10
9.997037e-10
2.8447894e-10
2.8447894e-10
3.7001566e-10
2.8447894e-10
4.993275e-10
2.8447894e-10
2.8447894e-10
5.1525056e-10
2.8447894e-10
2.8447894e-10
2.8447894e-10
2.8447894e-10
2.8447894e-10
5.0206644e-10
3.178153e-10
3.563622e-10
2.8447894e-10
5.5578675e-10
2.8447894e-10
2.8447894e-10
3.234291e-10
3.8395045e-10
2.8447894e-10
3.0490635e-10
2.8447894e-10
2.8447894e-10
2.8447894e-10
2.8447894e-10
2.8447894e-10
2.8447894e-10
2.8447894e-10
2.8447894e-10
2.8447894e-10
2.8447894e-10
2.8447894e-10
2.8447894e-10
3.3765057e-10
2.8447894e-10
3.302513e-10
8.183423e-10
2.8447894e-10
2.8447894e-10
2.8447894e-10
2.8447894e-10
3.2236733e-10
2.8447894e-10
2.8447894e-10
2.8447894e-10
3.1721695e-10
2.8447894e-10
2.8447894e-10
3.6354886e-10
4.1422005e-10
2.8447894e-10
6.948268e-10
2.8447894e-10
2.8447894e-10
2.8447894e-10
2.8447894e-10
3.448484e-10
2.8447894e-10
2.8447894e-10
2.8447894e-10
2.8447894e-10
2.8447894e-10
2.9498642e-10
2.8447894e-10
2.8447894e-10
2.8447894e-10
2.8447894e-10
5.043738e-10
2.8447894e-10
2.8447894e-10
3.2655573e-10
2.8447894e-10
2.8447894e-10
2.8447894e-10
2.8447894e-10
6.4752015e-10
2.8447894e-10
2.8447894e-10
2.8447894e-10
4.8968835e-10
2.8447894e-10
4.1177886e-10
2.8447894e-10
2.8447894e-10
2.8447894e-10
2.8447894e-10
2.8447894e-10
2.8447894e-10
4.3684148e-10
2.8447894e-10
3.2263123e-10
2.8447894e-10
2.8447894e-10
2.8447894e-10
2.8447894e-10
4.610948e-10
3.5984424e-10
3.4550482e-10
4.681264e-10
2.8447894e-10
3.2001e-10
6.6905775e-10
2.8447894e-10
5.344694e-10
4.603268e-10
1.0979011e-09
4.2762566e-10
2.8447894e-10
2.8447894e-10
7.544432e-10
5.7124594e-10
2.8447894e-10
2.8447894e-10
2.8447894e-10
2.8447894e-10
5.509464e-10
2.8447894e-10
2.8447894e-10
2.8447894e-10
1.8024329e-09
2.8447894e-10
2.8565664e-10
2.1666726e-09
9.557632e-10
9.52664e-10
2.8447894e-10
2.8447894e-10
4.111745e-10
2.8447894e-10
1.1013576e-09
2.8447894e-10
2.8447894e-10
4.7536597e-10
2.8447894e-10
2.8447894e-10
2.8447894e-10
2.8447894e-10
2.8447894e-10
2.8447894e-10
2.8447894e-10
5.7128197e-10
2.8447894e-10
5.8132515e-10
9.2476177e-10
2.8447894e-10
4.786815e-10
4.1978512e-10
2.9662486e-10
5.9667377e-10
2.8447894e-10
2.8447894e-10
2.8447894e-10
2.8447894e-10
3.6494738e-10
2.8447894e-10
5.635461e-10
4.0477283e-10
2.8447894e-10
2.8447894e-10
3.4968753e-10
2.8447894e-10
5.0785776e-10
3.0780575e-10
5.0008525e-10
2.8447894e-10
3.2359015e-10
4.5265797e-10
2.8447894e-10
2.904153e-10
3.5440323e-10
3.2668593e-10
2.8447894e-10
3.1044603e-10
2.8447894e-10
2.8447894e-10
2.8447894e-10
2.8447894e-10
1.073258e-09
2.8447894e-10
5.876159e-10
2.8447894e-10
2.8447894e-10
2.8447894e-10
2.8447894e-10
3.2782568e-10
3.451419e-10
3.3171907e-10
5.4342475e-10
2.8447894e-10
5.2089383e-10
2.8447894e-10
2.8447894e-10
2.8447894e-10
5.0325527e-10
3.2369077e-10
2.8447894e-10
2.8447894e-10
2.8447894e-10
2.8447894e-10
2.8447894e-10
4.4790943e-10
2.8447894e-10
3.268218e-10
2.8447894e-10
4.1177256e-10
2.8447894e-10
3.270999e-10
3.3262462e-09
4.8283255e-10
4.0553944e-10
2.8447894e-10
4.3505038e-10
2.8447894e-10
2.8447894e-10
2.8447894e-10
2.8447894e-10
2.8447894e-10
2.8447894e-10
2.8447894e-10
2.8447894e-10
2.8447894e-10
2.8447894e-10
8.4378e-10
2.9400624e-10
3.2538253e-10
2.8447894e-10
2.8447894e-10
2.8447894e-10
3.2217246e-10
2.8447894e-10
2.8447894e-10
2.8447894e-10
3.0154956e-10
2.8447894e-10
2.8447894e-10
2.8447894e-10
1.264267e-09
2.8447894e-10
2.8447894e-10
2.8447894e-10
5.3234506e-10
5.501987e-10
6.177573e-10
2.9572442e-10
2.8447894e-10
2.8447894e-10
2.8447894e-10
2.8447894e-10
2.8447894e-10
2.8447894e-10
2.8447894e-10
2.8447894e-10
6.491723e-10
6.3538247e-10
9.0307783e-10
3.9798093e-10
2.8447894e-10
2.8447894e-10
3.2826303e-10
2.8447894e-10
2.8447894e-10
2.8447894e-10
3.3509195e-10
3.554105e-10
4.1797095e-09
2.8447894e-10
2.8447894e-10
2.8447894e-10
6.3980177e-10
2.8447894e-10
2.8447894e-10
5.5725685e-10
3.8614265e-10
2.9289632e-10
5.979486e-10
5.8408933e-10
2.8447894e-10
4.729829e-10
1.1414557e-09
2.8447894e-10
2.85009e-10
2.8447894e-10
2.8447894e-10
2.8447894e-10
2.8447894e-10
4.958501e-10
2.8447894e-10
3.220852e-10
3.156008e-10
2.8447894e-10
6.3368205e-10
2.8447894e-10
2.8447894e-10
3.5081454e-10
2.8447894e-10
6.0686e-10
6.0719807e-10
2.8447894e-10
2.8447894e-10
8.9845964e-10
2.8447894e-10
3.5478132e-10
2.8447894e-10
4.1033701e-10
2.8447894e-10
2.3199203e-09
2.8447894e-10
2.8447894e-10
2.8447894e-10
1.1090412e-09
2.8447894e-10
2.8447894e-10
2.8447894e-10
2.8447894e-10
2.8447894e-10
3.3247413e-10
2.8447894e-10
6.027947e-10
5.8972116e-10
7.1193534e-10
4.287306e-10
2.8447894e-10
3.1678707e-10
5.727035e-10
2.9856267e-10
1.0337577e-09
7.138308e-10
2.8447894e-10
3.3656972e-10
4.456146e-10
2.8447894e-10
2.8447894e-10
2.8447894e-10
2.8447894e-10
0.5
2.8447894e-10
2.8447894e-10
2.8447894e-10
2.8447894e-10
2.8447894e-10
2.8448383e-10
3.9862896e-10
2.8447894e-10
6.550217e-10
5.556521e-10
3.3025382e-10
2.8447894e-10
3.135398e-10
5.797705e-10
5.196306e-10
4.9062604e-10
2.8447894e-10
2.8447894e-10
2.8447894e-10
3.3044661e-10
5.930464e-10
2.8447894e-10
2.8447894e-10
3.1320452e-10
4.5001342e-10
2.8447894e-10
2.8447894e-10
2.8447894e-10
2.8447894e-10
6.816749e-10
3.6246184e-10
3.4757897e-10
4.9982485e-10
2.8447894e-10
4.703146e-10
2.8447894e-10
2.8447894e-10
2.8447894e-10
2.8447894e-10
2.8447894e-10
2.8447894e-10
2.8447894e-10
4.1915793e-10
2.8447894e-10
4.8063015e-10
2.8447894e-10
2.8447894e-10
5.523405e-10
5.4161076e-10
3.1417197e-10
2.8447894e-10
8.6588786e-10
2.8447894e-10
3.057636e-10
2.9892225e-10
2.8447894e-10
4.091101e-10
2.8447894e-10
2.8447894e-10
2.8447894e-10
3.321756e-10
2.8447894e-10
2.8447894e-10
2.8447894e-10
2.8447894e-10
2.8447894e-10
5.1289734e-10
2.8447894e-10
2.8447894e-10
0.5
2.8447894e-10
2.8447894e-10
4.252263e-10
5.537825e-10
3.392153e-10
2.8447894e-10
2.883059e-10
2.9292482e-10
2.8447894e-10
3.0514546e-10
2.8447894e-10
2.8447894e-10
3.185715e-10
3.2343345e-10
2.8447894e-10
2.8447894e-10
2.8447894e-10
2.8447894e-10
1.2034992e-09
2.8447894e-10
4.542346e-10
4.1605389e-10
2.8447894e-10
7.903979e-10
1.5149372e-09
2.8447894e-10
4.0881523e-10
2.8447894e-10
5.6983784e-10
2.8606503e-10
2.8447894e-10
1.0383205e-09
2.8447894e-10
5.300917e-10
2.8447894e-10
2.8447894e-10
3.1046557e-10
2.8447894e-10
3.5895512e-10
2.8447894e-10
2.8447894e-10
2.8447894e-10
7.664131e-10
6.0796296e-10
2.8447894e-10
2.8447894e-10
2.8447894e-10
6.192331e-10
7.1602346e-10
2.8447894e-10
3.7548142e-10
2.8447894e-10
3.1292266e-10
3.1475256e-10
2.8447894e-10
2.8447894e-10
2.8447894e-10
2.8447894e-10
2.8447894e-10
2.8447894e-10
2.8447894e-10
2.8447894e-10
3.24344e-10
2.8447894e-10
2.8447894e-10
2.8447894e-10
3.0904407e-10
2.8447894e-10
2.8447894e-10
2.8447894e-10
2.8447894e-10
8.952078e-10
3.5163383e-10
2.8447894e-10
2.8447894e-10
6.041874e-10
2.8447894e-10
2.8447894e-10
2.8447894e-10
2.8447894e-10
2.8447894e-10
3.8179396e-10
2.8447894e-10
3.8394093e-10
3.3925734e-10
2.8447894e-10
2.8447894e-10
2.8447894e-10
2.8447894e-10
2.8447894e-10
2.8447894e-10
2.8447894e-10
2.8447894e-10
2.8447894e-10
2.8447894e-10
2.8447894e-10
3.877353e-10
3.0561784e-10
2.8447894e-10
4.894539e-10
2.8447894e-10
2.8447894e-10
2.8447894e-10
4.1289092e-10
2.8447894e-10
2.8447894e-10
2.8447894e-10
2.8447894e-10
2.8447894e-10
1.5580796e-09
2.8447894e-10
3.003768e-10
3.054133e-10
3.1747238e-10
5.1149346e-10
5.164657e-10
2.8447894e-10
2.8447894e-10
2.8447894e-10
2.8447894e-10
2.8447894e-10
2.8447894e-10
2.8447894e-10
4.9185905e-10
3.231307e-10
2.8447894e-10
2.8447894e-10
2.8447894e-10
3.0676897e-10
2.8447894e-10
2.8447894e-10
3.5271797e-10
2.8447894e-10
2.8447894e-10
2.9998806e-10
2.8447894e-10
5.630551e-10
2.8447894e-10
2.8447894e-10
2.8447894e-10
2.9501512e-10
2.8447894e-10
2.8447894e-10
2.8447894e-10
1.6355712e-09
2.8447894e-10
2.8447894e-10
2.8447894e-10
2.8447894e-10
2.8447894e-10
4.979466e-10
2.8447894e-10
2.8447894e-10
2.8447894e-10
5.9983796e-10
2.8447894e-10
2.8447894e-10
5.942217e-10
2.8447894e-10
2.8447894e-10
2.8447894e-10
2.8447894e-10
5.1510807e-10
2.8447894e-10
4.1084447e-10
2.8447894e-10
4.930999e-10
3.2179112e-10
7.7014983e-10
3.0661274e-10
1.6104782e-09
2.8447894e-10
2.8447894e-10
4.6613513e-10
2.8447894e-10
2.8447894e-10
3.0717118e-10
6.229694e-10
2.8447894e-10
2.8447894e-10
2.8447894e-10
2.8447894e-10
2.8447894e-10
2.8447894e-10
2.8447894e-10
2.8447894e-10
2.8447894e-10
3.3345343e-10
2.247082e-09
2.8447894e-10
2.7184872e-09
4.9919513e-10
2.8447894e-10
2.8447894e-10
2.8447894e-10
3.2754507e-10
0.5
3.6868134e-10
2.8447894e-10
2.8447894e-10
2.8447894e-10
3.2574388e-10
2.8447894e-10
2.8447894e-10
2.8447894e-10
2.8447894e-10
2.8447894e-10
2.8447894e-10
2.8447894e-10
2.8447894e-10
2.8447894e-10
4.006993e-10
2.8447894e-10
2.8447894e-10
2.8447894e-10
2.8657676e-10
2.8674843e-10
2.8447894e-10
5.491304e-10
4.4912848e-10
2.8447894e-10
2.8447894e-10
2.8447894e-10
2.8447894e-10
2.8447894e-10
4.71924e-10
3.5330916e-10
2.8447894e-10
2.8447894e-10
3.1697261e-10
2.8447894e-10
3.1020805e-10
2.8447894e-10
2.8447894e-10
3.7319522e-10
2.8447894e-10
2.8447894e-10
3.0544245e-10
2.8447894e-10
4.9383975e-10
3.9490036e-10
2.8447894e-10
3.475087e-10
2.8447894e-10
2.6600757e-09
2.8447894e-10
1.3155378e-09
6.2565225e-10
2.8447894e-10
2.8447894e-10
