2.523289e-16
5.323109e-16
1.6418603e-16
1.6418603e-16
1.6418603e-16
1.6418603e-16
1.6418603e-16
1.6418603e-16
1.6418603e-16
1.6418603e-16
4.4011268e-16
1.6418603e-16
1.8094808e-16
1.6418603e-16
1.6418603e-16
2.2082526e-16
1.6418603e-16
1.6418603e-16
1.6418603e-16
2.6883132e-16
1.6418603e-16
1.6418603e-16
1.6418603e-16
1.6418603e-16
1.6418603e-16
1.6418603e-16
1.6418603e-16
1.6418603e-16
2.2561056e-16
1.6418603e-16
1.952936e-16
1.6418603e-16
1.6418603e-16
1.6418603e-16
2.446785e-16
1.6418603e-16
1.6418603e-16
1.6418603e-16
3.8892733e-16
1.6418603e-16
4.968843e-16
1.6418603e-16
1.6418603e-16
3.7265064e-16
1.6418603e-16
1.6418603e-16
1.6418603e-16
1.6418603e-16
1.6418603e-16
2.792281e-16
1.6418603e-16
3.3980093e-16
1.6418603e-16
4.2378054e-16
2.2307825e-16
9.312815e-16
1.6418603e-16
1.6418603e-16
1.8291629e-16
1.6418603e-16
3.4673431e-16
1.6418603e-16
2.9911012e-16
1.9493633e-16
1.6418603e-16
1.6418603e-16
5.7962396e-16
2.4479907e-15
2.0907314e-16
1.6418603e-16
1.6418603e-16
1.6418603e-16
1.6418603e-16
1.6418603e-16
3.5449676e-16
9.123913e-16
1.6418603e-16
1.9978762e-16
1.6713972e-16
2.6222748e-16
1.6418603e-16
1.6574544e-16
1.6418603e-16
1.6418603e-16
1.6418603e-16
1.8414359e-16
3.866994e-16
1.6418603e-16
1.6418603e-16
1.874134e-16
2.4458984e-16
1.6418603e-16
1.6418603e-16
1.7143914e-16
1.6418603e-16
2.422203e-16
1.6418603e-16
1.6418603e-16
1.6418603e-16
1.8845218e-16
1.6418603e-16
4.3986596e-16
3.0548463e-16
6.671354e-16
1.6418603e-16
1.6418603e-16
1.6418603e-16
1.6418603e-16
2.5523998e-16
1.7938394e-15
5.227943e-16
3.2096193e-16
1.6418603e-16
1.6418603e-16
1.6826693e-16
8.5297324e-16
1.8675895e-16
2.09589e-16
2.8039154e-16
1.6418603e-16
2.4070598e-16
3.2296514e-16
1.6418603e-16
1.6418603e-16
1.6418603e-16
1.8691218e-16
1.6418603e-16
1.6418603e-16
3.031767e-16
2.8631363e-16
1.7130188e-16
1.6418603e-16
1.2501253e-15
1.6418603e-16
1.6418603e-16
1.7258218e-16
1.6418603e-16
2.9227266e-16
1.6418603e-16
2.5426627e-16
1.6418603e-16
1.6418603e-16
1.6418603e-16
1.9722289e-16
1.6418603e-16
3.0862257e-16
1.6418603e-16
1.6418603e-16
1.765509e-16
4.0522196e-16
1.6418603e-16
1.785462e-16
1.6418603e-16
4.2937003e-16
7.0207035e-16
1.6418603e-16
1.6418603e-16
6.6019865e-16
1.6418603e-16
1.6418603e-16
1.6418603e-16
1.6418603e-16
1.6418603e-16
1.6418603e-16
1.6418603e-16
6.6852896e-16
1.6418603e-16
1.9139432e-16
1.6418603e-16
1.6418603e-16
3.986262e-16
1.6418603e-16
1.6418603e-16
1.6418603e-16
1.6418603e-16
1.6418603e-16
1.6418603e-16
1.6418603e-16
2.1144002e-16
1.6418603e-16
2.7282847e-16
1.6418603e-16
1.6418603e-16
1.6418603e-16
1.6418603e-16
1.6418603e-16
1.2054803e-15
1.9109811e-16
1.6418603e-16
1.6418603e-16
5.2647873e-16
1.6418603e-16
1.6418603e-16
1.6418603e-16
3.8434641e-16
4.1521944e-16
1.6418603e-16
1.6418603e-16
2.1020073e-16
1.6418603e-16
1.6418603e-16
1.9623903e-16
1.6418603e-16
2.5312621e-16
1.842525e-16
4.393327e-16
2.6439506e-16
1.6418603e-16
1.6418603e-16
1.6418603e-16
1.6418603e-16
1.6418603e-16
1.6418603e-16
1.6418603e-16
1.6418603e-16
1.6418603e-16
1.6418603e-16
1.6418603e-16
3.4172348e-16
1.6418603e-16
1.6418603e-16
1.6418603e-16
1.6418603e-16
1.6418603e-16
1.6418603e-16
1.9720712e-16
1.8664854e-16
1.6418603e-16
1.6418603e-16
1.6418603e-16
3.4125065e-16
6.59285e-16
1.6418603e-16
3.505486e-16
2.0301821e-16
1.6418603e-16
3.480252e-15
1.6418603e-16
1.6418603e-16
1.6418603e-16
1.6418603e-16
1.6418603e-16
8.5104264e-16
1.6418603e-16
5.0927147e-16
3.0077491e-16
1.6915572e-16
2.0241041e-16
1.6418603e-16
2.1156359e-15
1.6418603e-16
1.6418603e-16
1.8967247e-16
1.6418603e-16
1.6418603e-16
1.6418603e-16
2.1057955e-16
9.001532e-16
1.6517546e-16
5.0048165e-16
1.6418603e-16
1.6418603e-16
1.6418603e-16
1.6418603e-16
1.9055944e-16
1.6418603e-16
2.0684322e-16
4.4315864e-16
1.7283386e-16
1.6418603e-16
1.6418603e-16
1.6418603e-16
3.589205e-16
2.066035e-16
1.6418603e-16
1.6418603e-16
1.6418603e-16
1.6418603e-16
1.805585e-16
1.6418603e-16
1.6418603e-16
1.6418603e-16
1.6418603e-16
1.6418603e-16
1.6418603e-16
4.695442e-16
1.6418603e-16
2.0132615e-16
1.6418603e-16
1.6418603e-16
1.6418603e-16
1.6418603e-16
1.6418603e-16
1.6418603e-16
3.6797065e-16
2.2800282e-16
1.6418603e-16
1.6418603e-16
1.4520361e-15
4.258711e-16
2.6337738e-16
9.407363e-16
1.6418603e-16
1.7068284e-16
1.6418603e-16
1.8433896e-16
1.6418603e-16
2.5992392e-16
1.6418603e-16
2.2874765e-16
2.5978117e-16
1.6418603e-16
1.6418603e-16
1.6418603e-16
1.6418603e-16
2.1669126e-16
1.8217954e-16
1.6418603e-16
1.6418603e-16
1.6418603e-16
5.1275685e-16
2.0696635e-16
1.6418603e-16
1.6418603e-16
1.6418603e-16
3.741876e-16
2.9245446e-16
1.6418603e-16
1.6620954e-16
1.6418603e-16
1.7306346e-16
1.682817e-16
1.6418603e-16
1.6418603e-16
3.8245676e-16
1.6418603e-16
1.6418603e-16
1.6418603e-16
1.6418603e-16
2.5556151e-16
1.6418603e-16
1.6418603e-16
2.9090785e-16
2.2660852e-16
1.6418603e-16
1.6418603e-16
1.6418603e-16
1.3366174e-15
1.6418603e-16
1.6418603e-16
1.2987449e-15
1.6418603e-16
1.1304327e-15
1.6418603e-16
1.6418603e-16
3.71525e-16
1.6418603e-16
1.6418603e-16
1.7200644e-16
1.2306499e-15
1.6418603e-16
1.6418603e-16
1.6418603e-16
1.9438163e-16
3.9905527e-16
1.6418603e-16
1.6418603e-16
1.6418603e-16
1.6418603e-16
3.1010601e-16
1.6418603e-16
9.024396e-16
1.6418603e-16
2.805242e-16
1.6418603e-16
3.1990097e-16
1.6418603e-16
3.4686e-16
1.6418603e-16
1.9118782e-16
1.9522507e-16
1.6418603e-16
1.6418603e-16
1.8622751e-16
1.6418603e-16
1.6418603e-16
1.0306734e-15
1.6418603e-16
1.6418603e-16
2.782318e-16
1.6418603e-16
2.3097395e-16
1.7294401e-16
5.1233455e-16
1.6418603e-16
1.6418603e-16
3.450046e-16
1.964113e-16
1.6418603e-16
1.6418603e-16
1.6418603e-16
1.7128095e-16
1.6418603e-16
1.7034071e-16
3.2784341e-16
3.894277e-16
1.6418603e-16
1.6418603e-16
1.6418603e-16
1.6418603e-16
1.6418603e-16
1.6418603e-16
1.6418603e-16
1.6418603e-16
1.6418603e-16
1.6418603e-16
1.6418603e-16
3.9363654e-16
2.731294e-16
1.6418603e-16
1.6418603e-16
1.6418603e-16
1.6418603e-16
1.918834e-16
1.6418603e-16
4.0921734e-16
1.6418603e-16
1.6418603e-16
3.4891296e-16
1.7262696e-16
1.6418603e-16
1.6418603e-16
6.7332523e-16
1.6418603e-16
1.6418603e-16
3.0978086e-16
1.6418603e-16
1.6418603e-16
1.6418603e-16
1.6418603e-16
1.6418603e-16
1.7298886e-16
4.3420934e-16
1.6418603e-16
6.2424385e-16
1.6418603e-16
3.4436032e-16
1.6418603e-16
2.1624452e-16
2.559254e-16
3.0195555e-16
1.7609552e-16
1.9503973e-16
7.9984967e-16
3.985897e-16
1.6418603e-16
1.6418603e-16
1.6418603e-16
1.6418603e-16
1.6418603e-16
1.6418603e-16
2.0684241e-16
1.6418603e-16
1.2141245e-15
2.632558e-16
1.6418603e-16
1.6418603e-16
1.6418603e-16
1.6418603e-16
1.6418603e-16
1.6418603e-16
1.6418603e-16
2.7068153e-16
1.6418603e-16
1.6418603e-16
1.6418603e-16
1.6418603e-16
1.6418603e-16
1.6418603e-16
1.6418603e-16
1.6418603e-16
3.070291e-16
1.6418603e-16
1.6418603e-16
1.6418603e-16
1.6418603e-16
1.8473317e-16
1.6418603e-16
1.6418603e-16
4.3495205e-16
4.4339875e-16
1.7291234e-16
1.6734388e-16
1.705247e-16
1.6418603e-16
4.5372664e-16
2.968334e-16
1.2426465e-15
2.28595e-16
1.6418603e-16
2.5293606e-16
1.6418603e-16
1.995736e-16
1.6418603e-16
1.6418603e-16
1.6418603e-16
1.6418603e-16
1.6418603e-16
4.972692e-16
1.6418603e-16
1.6418603e-16
1.6418603e-16
1.7044145e-16
5.0363017e-16
3.4273002e-16
1.6418603e-16
1.6418603e-16
1.6418603e-16
1.6418603e-16
1.9417191e-16
1.6418603e-16
1.6418603e-16
1.6418603e-16
1.6418603e-16
1.6418603e-16
1.6418603e-16
1.6418603e-16
1.6418603e-16
2.0534003e-16
1.6418603e-16
8.695179e-16
2.7954567e-16
1.6418603e-16
8.1043345e-16
1.6418603e-16
2.0442873e-16
1.6418603e-16
1.6598904e-16
1.6418603e-16
1.6418603e-16
2.3233838e-16
2.385751e-16
3.2025384e-16
1.6418603e-16
1.6418603e-16
1.6418603e-16
2.2006924e-16
5.6895314e-16
2.915978e-16
2.3023854e-16
6.013172e-16
1.6418603e-16
1.6418603e-16
2.476165e-16
1.6418603e-16
1.7120125e-16
1.9448771e-16
2.52938e-16
4.8817045e-16
1.6418603e-16
1.6418603e-16
1.6418603e-16
2.0049769e-16
1.6418603e-16
3.2413645e-16
1.6418603e-16
1.6418603e-16
1.6418603e-16
1.6418603e-16
1.6418603e-16
1.6418603e-16
1.6418603e-16
1.6418603e-16
2.542488e-16
1.6418603e-16
1.6418603e-16
1.6418603e-16
2.5793953e-16
1.6418603e-16
5.480238e-16
1.6418603e-16
1.6418603e-16
2.4492784e-16
1.6418603e-16
1.6418603e-16
1.6418603e-16
5.009649e-16
1.6418603e-16
1.6418603e-16
1.6418603e-16
1.6418603e-16
2.9504519e-16
1.6418603e-16
2.7666118e-16
1.6418603e-16
3.419243e-16
2.4686765e-16
1.6418603e-16
1.6418603e-16
2.7974732e-16
1.6418603e-16
1.6418603e-16
1.6418603e-16
1.6418603e-16
2.7621723e-16
1.6418603e-16
4.8336555e-16
1.6418603e-16
6.8439563e-16
1.6418603e-16
1.6418603e-16
1.6418603e-16
2.230825e-16
1.6418603e-16
2.8622514e-16
1.6418603e-16
1.6418603e-16
2.1562098e-16
1.6418603e-16
1.8111036e-16
1.7962486e-16
1.6418603e-16
1.6418603e-16
6.8365464e-16
1.6418603e-16
5.3527776e-16
1.6418603e-16
3.31393e-16
1.6418603e-16
1.6418603e-16
1.6418603e-16
2.8948534e-16
2.786386e-16
1.6418603e-16
1.8191009e-16
1.8606562e-16
1.6418603e-16
1.6418603e-16
1.6418603e-16
1.6418603e-16
1.6418603e-16
1.6418603e-16
1.912199e-16
2.2889782e-16
1.6418603e-16
2.394732e-16
1.6418603e-16
1.7585587e-16
1.6418603e-16
2.9678923e-16
1.6574416e-16
1.6418603e-16
1.6418603e-16
9.007337e-16
1.6732792e-16
1.6418603e-16
1.820413e-16
1.6418603e-16
2.297744e-16
3.0340813e-16
1.6418603e-16
1.6418603e-16
1.6418603e-16
1.6418603e-16
1.6418603e-16
1.6418603e-16
1.645152e-16
1.6418603e-16
1.6418603e-16
1.7929353e-16
1.6418603e-16
1.6418603e-16
2.9091114e-16
2.3428661e-16
1.6418603e-16
1.798429e-16
1.6418603e-16
1.6418603e-16
1.6418603e-16
1.6418603e-16
1.7526586e-16
1.6418603e-16
8.3981316e-16
1.6418603e-16
1.6418603e-16
1.6418603e-16
1.6418603e-16
1.6418603e-16
2.8684162e-16
3.620586e-16
1.6418603e-16
1.6418603e-16
1.6418603e-16
1.6418603e-16
2.1357445e-16
1.6418603e-16
5.004644e-16
1.6418603e-16
1.9068013e-16
1.6418603e-16
9.372939e-16
1.6816876e-16
4.518681e-16
1.6418603e-16
1.6418603e-16
1.6418603e-16
1.6896998e-16
1.8325992e-16
1.6418603e-16
1.6418603e-16
1.6418603e-16
1.6418603e-16
1.6418603e-16
1.6418603e-16
1.6418603e-16
1.3606006e-15
1.6418603e-16
1.6823547e-16
1.6418603e-16
1.6418603e-16
2.5436714e-16
2.8280098e-16
1.6418603e-16
2.839425e-16
1.6418603e-16
1.6418603e-16
1.7314928e-16
1.6418603e-16
1.6418603e-16
3.5048042e-16
1.6418603e-16
1.6418603e-16
1.6418603e-16
2.3513452e-16
1.6418603e-16
1.6418603e-16
1.6418603e-16
1.7024522e-16
1.7319223e-16
2.2922546e-16
1.6418603e-16
1.8589819e-16
2.770192e-16
4.650503e-16
1.6418603e-16
1.6418603e-16
1.6418603e-16
1.6418603e-16
1.6418603e-16
2.9159887e-16
1.6418603e-16
1.6418603e-16
2.7279514e-16
2.3984625e-16
1.6418603e-16
1.6418603e-16
1.6418603e-16
2.5969003e-16
1.6418603e-16
1.6418603e-16
1.6418603e-16
1.6418603e-16
1.6418603e-16
6.1060726e-16
1.6418603e-16
2.1600545e-16
2.1002358e-16
1.658308e-16
3.6600373e-16
1.6418603e-16
1.6418603e-16
1.6418603e-16
1.6418603e-16
1.8650337e-16
2.6369406e-16
7.6753425e-16
1.6418603e-16
1.6418603e-16
1.6418603e-16
3.0115608e-16
1.898759e-16
1.6418603e-16
1.6380014e-15
2.6657043e-16
1.6418603e-16
4.95754e-16
3.132089e-16
1.6418603e-16
1.6418603e-16
1.6418603e-16
1.6418603e-16
1.6418603e-16
2.3027893e-16
1.6418603e-16
7.7761923e-16
1.6418603e-16
1.6418603e-16
5.211417e-16
1.6418603e-16
1.6418603e-16
1.6418603e-16
1.6418603e-16
1.6626026e-16
1.6418603e-16
1.6418603e-16
1.6418603e-16
1.6418603e-16
2.1077494e-15
1.6418603e-16
1.6418603e-16
1.6418603e-16
1.6418603e-16
2.918749e-16
3.2400294e-16
1.6418603e-16
1.6425182e-16
6.5046423e-16
5.2269064e-16
2.3472855e-16
2.1379208e-16
1.6418603e-16
3.7926628e-16
2.868635e-16
1.6947932e-16
1.6418603e-16
1.6418603e-16
1.8509715e-16
1.6418603e-16
1.6418603e-16
2.4725217e-16
1.6418603e-16
1.6418603e-16
2.258163e-16
2.9174464e-16
6.306175e-16
1.6418603e-16
1.6418603e-16
3.281988e-16
1.6418603e-16
1.6418603e-16
1.6418603e-16
1.6418603e-16
3.3703825e-16
1.6418603e-16
2.0130159e-16
1.6418603e-16
1.6418603e-16
1.6418603e-16
3.2759714e-16
8.6590336e-16
1.6418603e-16
3.2261913e-16
1.6418603e-16
4.7666017e-16
1.6418603e-16
1.6418603e-16
2.3104182e-16
1.6418603e-16
1.6418603e-16
1.6418603e-16
1.6691736e-16
1.6418603e-16
1.6418603e-16
1.6418603e-16
1.6418603e-16
1.6418603e-16
1.6418603e-16
1.6789313e-16
1.6418603e-16
1.6418603e-16
3.0506887e-16
6.6647146e-16
2.5698003e-16
1.6888686e-16
1.6418603e-16
1.3277545e-15
1.6418603e-16
1.6418603e-16
1.6418603e-16
1.6418603e-16
1.6418603e-16
9.333299e-16
1.6418603e-16
1.6418603e-16
1.6418603e-16
4.7864445e-16
1.734739e-16
1.6418603e-16
4.1773754e-16
6.6447114e-16
1.6418603e-16
1.6418603e-16
4.705681e-16
1.8318093e-16
1.6418603e-16
1.6418603e-16
1.6424556e-16
1.6418603e-16
1.6418603e-16
2.3472765e-16
1.6418603e-16
1.6418603e-16
4.253564e-16
1.6418603e-16
1.6418603e-16
2.574883e-16
1.6821881e-16
2.8833695e-16
1.6418603e-16
1.7987036e-16
1.7809653e-16
2.5645998e-16
3.004355e-16
1.6418603e-16
7.1129253e-16
1.6418603e-16
1.9376421e-16
1.6418603e-16
1.3664677e-15
1.9327328e-16
1.6418603e-16
1.393876e-15
2.2792714e-16
1.6418603e-16
2.012371e-16
1.6418603e-16
1.6418603e-16
1.6418603e-16
1.6418603e-16
1.8365391e-16
1.2196205e-15
1.8251552e-16
2.7883425e-16
1.6418603e-16
1.6418603e-16
1.6418603e-16
1.6418603e-16
1.6418603e-16
1.6418603e-16
1.6418603e-16
2.8365993e-16
1.6418603e-16
2.222577e-16
3.8382623e-16
1.6418603e-16
1.6418603e-16
1.6418603e-16
2.1108381e-16
2.1568187e-16
1.6418603e-16
2.4521016e-16
1.6418603e-16
1.7159093e-16
1.6467029e-16
2.5742544e-16
1.6418603e-16
2.2076294e-16
2.8981018e-16
1.6418603e-16
1.6418603e-16
1.0490911e-15
1.6418603e-16
1.8396875e-16
1.6418603e-16
1.6418603e-16
1.6418603e-16
1.9064159e-16
3.360241e-16
1.6418603e-16
5.996016e-16
1.6418603e-16
1.6418603e-16
1.6418603e-16
1.6418603e-16
1.6418603e-16
1.6418603e-16
1.6418603e-16
2.581965e-16
1.7280354e-16
1.6418603e-16
1.6418603e-16
1.6418603e-16
8.078716e-16
1.6418603e-16
1.714496e-16
1.8773323e-16
2.0564969e-16
1.6418603e-16
5.50723e-16
1.6418603e-16
1.6418603e-16
1.6418603e-16
8.3730213e-16
1.6418603e-16
1.6418603e-16
1.6418603e-16
4.0074243e-16
1.7956871e-16
1.6418603e-16
1.7747937e-16
1.6418603e-16
1.6418603e-16
1.6418603e-16
3.2928356e-16
5.2903756e-16
1.6418603e-16
1.6418603e-16
1.6418603e-16
1.6418603e-16
1.6418603e-16
1.6418603e-16
1.9580309e-16
1.6418603e-16
4.7828303e-16
1.219481e-15
1.6418603e-16
1.6418603e-16
5.102554e-16
1.6418603e-16
1.6418603e-16
1.6418603e-16
1.6418603e-16
9.953037e-16
2.20923e-16
1.6418603e-16
1.6418603e-16
2.0126473e-16
1.6418603e-16
1.6418603e-16
1.6418603e-16
1.6418603e-16
1.6418603e-16
2.0141603e-16
1.6418603e-16
1.9143886e-16
2.7523274e-16
1.6418603e-16
2.3201956e-16
2.7217045e-16
1.6418603e-16
1.6418603e-16
3.560352e-15
2.229464e-16
2.2756398e-16
1.6418603e-16
1.9393723e-16
1.6418603e-16
1.6418603e-16
4.0285146e-16
1.6418603e-16
1.6418603e-16
1.6418603e-16
1.6418603e-16
1.6418603e-16
1.6418603e-16
1.6418603e-16
1.6418603e-16
2.4922277e-16
2.7279305e-16
1.6959119e-16
1.6871879e-16
9.173472e-16
1.6418603e-16
1.6418603e-16
1.8104128e-16
1.6418603e-16
1.6418603e-16
1.6418603e-16
1.8727902e-16
4.4511206e-16
1.6418603e-16
1.6418603e-16
1.6418603e-16
1.6418603e-16
1.8258794e-16
1.6418603e-16
1.6418603e-16
1.6418603e-16
1.6418603e-16
1.8369316e-16
1.6418603e-16
1.6418603e-16
6.469182e-16
3.5480794e-16
4.4636355e-16
1.6418603e-16
1.6418603e-16
1.6418603e-16
1.6418603e-16
1.6418603e-16
1.6418603e-16
7.96777e-16
1.6418603e-16
1.7171666e-16
1.6418603e-16
1.6418603e-16
1.6418603e-16
1.6418603e-16
1.6418603e-16
1.9409563e-16
1.6418603e-16
2.0623892e-16
1.6418603e-16
1.8688938e-16
1.6418603e-16
1.6418603e-16
1.6418603e-16
1.6418603e-16
1.6418603e-16
3.096249e-16
2.1814018e-16
2.1126345e-16
1.6418603e-16
1.6418603e-16
2.7190687e-16
1.6418603e-16
1.6418603e-16
3.7896114e-16
1.6418603e-16
1.6418603e-16
1.6418603e-16
3.3958064e-16
1.6418603e-16
1.6418603e-16
4.3367486e-15
1.6418603e-16
1.6418603e-16
1.6418603e-16
9.16679e-16
1.6418603e-16
1.0531206e-15
1.6418603e-16
1.6418603e-16
1.6418603e-16
1.6418603e-16
1.6418603e-16
1.6418603e-16
2.982715e-16
1.6418603e-16
3.1512524e-16
1.6418603e-16
1.6418603e-16
1.6418603e-16
1.6418603e-16
1.6418603e-16
1.6418603e-16
7.6266317e-16
1.6418603e-16
2.3664266e-16
1.6418603e-16
4.6810985e-16
1.6418603e-16
3.796383e-16
1.6418603e-16
1.6418603e-16
4.647364e-16
1.6418603e-16
1.6418603e-16
1.6418603e-16
3.8571675e-16
4.2388885e-16
1.6418603e-16
2.0393258e-16
3.3876164e-16
1.6418603e-16
1.6418603e-16
1.6418603e-16
1.6418603e-16
2.2876772e-16
4.6513544e-16
1.6418603e-16
1.8280966e-15
1.6418603e-16
1.6418603e-16
1.6418603e-16
8.1435066e-16
1.7876903e-16
1.6418603e-16
1.6418603e-16
1.6418603e-16
1.9891159e-16
1.6418603e-16
1.6418603e-16
1.6418603e-16
1.9829336e-16
2.7247793e-16
4.3854908e-16
1.9982345e-16
4.385892e-16
1.6418603e-16
1.7250977e-16
1.6418603e-16
2.8391104e-16
1.6418603e-16
1.2693033e-15
1.8069768e-16
1.6418603e-16
1.6418603e-16
1.6418603e-16
1.6418603e-16
1.6418603e-16
1.6418603e-16
1.6418603e-16
2.0093255e-16
1.6418603e-16
1.6418603e-16
3.2191347e-16
1.6418603e-16
1.6418603e-16
3.0956346e-16
3.1059136e-16
1.6418603e-16
1.6418603e-16
1.6418603e-16
1.6418603e-16
1.6418603e-16
1.6418603e-16
1.6418603e-16
1.6418603e-16
1.6418603e-16
1.6418603e-16
1.6418603e-16
1.6418603e-16
2.7544805e-16
2.3718942e-16
1.8561685e-16
1.6418603e-16
1.8051855e-16
1.6418603e-16
3.3258996e-15
1.6418603e-16
1.6418603e-16
1.6418603e-16
1.6418603e-16
1.6418603e-16
1.6418603e-16
1.6418603e-16
1.6418603e-16
1.6418603e-16
1.6418603e-16
1.6418603e-16
1.6418603e-16
6.000043e-16
1.6418603e-16
1.6448569e-16
1.6418603e-16
1.6418603e-16
1.6418603e-16
1.6418603e-16
1.6418603e-16
1.6418603e-16
1.6418603e-16
1.6418603e-16
1.6418603e-16
1.6418603e-16
1.6784061e-16
2.1459688e-16
1.6701354e-16
1.6418603e-16
1.6418603e-16
1.6418603e-16
2.615671e-16
1.6418603e-16
1.6418603e-16
1.6418603e-16
1.6418603e-16
1.6418603e-16
1.6418603e-16
1.6418603e-16
1.6418603e-16
1.6763652e-16
1.6418603e-16
1.6418603e-16
1.6418603e-16
5.760574e-16
2.2710436e-16
1.6418603e-16
1.6418603e-16
1.6418603e-16
1.6418603e-16
1.6418603e-16
1.6418603e-16
1.6418603e-16
1.6418603e-16
1.6418603e-16
1.6418603e-16
1.6418603e-16
1.6418603e-16
1.6418603e-16
1.6418603e-16
4.772405e-16
1.6418603e-16
1.6418603e-16
1.6418603e-16
2.0920319e-16
1.6418603e-16
1.6418603e-16
2.580468e-16
2.6599953e-16
2.3689195e-16
2.8484183e-16
1.0692682e-15
5.2158314e-16
4.2077786e-16
1.6418603e-16
1.6418603e-16
1.6418603e-16
5.9004453e-16
1.7337532e-16
1.6418603e-16
1.6418603e-16
1.6418603e-16
1.6418603e-16
6.1874825e-16
4.5885093e-16
1.6418603e-16
1.6418603e-16
1.8800988e-16
1.6418603e-16
2.234513e-16
2.1219065e-16
3.4499803e-16
1.6418603e-16
2.6765458e-16
1.6418603e-16
1.6418603e-16
1.6418603e-16
1.6418603e-16
2.6040424e-16
1.6418603e-16
4.767875e-16
1.6418603e-16
1.6418603e-16
1.748625e-16
1.6418603e-16
1.6418603e-16
1.6418603e-16
1.6418603e-16
1.6418603e-16
2.245039e-16
1.6418603e-16
1.6418603e-16
9.769729e-16
1.6418603e-16
1.6418603e-16
1.6418603e-16
1.6418603e-16
1.7345341e-16
1.6418603e-16
1.6418603e-16
1.8155585e-16
1.6418603e-16
1.6418603e-16
7.676807e-16
4.928746e-16
1.6418603e-16
1.6418603e-16
1.7390391e-16
7.425673e-16
1.6418603e-16
1.6418603e-16
1.6418603e-16
1.6418603e-16
1.6418603e-16
1.6418603e-16
1.6418603e-16
1.6418603e-16
1.6418603e-16
1.9264541e-16
2.9041552e-16
1.6418603e-16
2.2407182e-16
1.8328509e-16
1.6418603e-16
5.37865e-16
1.6418603e-16
1.6418603e-16
1.9626749e-16
1.6418603e-16
1.6418603e-16
1.6418603e-16
1.6418603e-16
2.8516801e-16
1.9708076e-16
1.6418603e-16
1.6418603e-16
2.9418095e-16
1.6418603e-16
1.6418603e-16
1.6418603e-16
3.0842248e-16
6.085493e-16
1.6418603e-16
1.6418603e-16
1.6418603e-16
1.7970574e-16
1.6418603e-16
1.7214493e-16
1.6418603e-16
2.4263457e-16
1.6418603e-16
1.6418603e-16
1.6418603e-16
1.6418603e-16
1.6418603e-16
5.882982e-16
1.6418603e-16
1.9918415e-16
2.4047654e-16
3.8101096e-15
1.6418603e-16
6.9464314e-16
1.6418603e-16
1.8123822e-16
8.920484e-16
1.6418603e-16
1.6418603e-16
1.6686451e-16
1.6418603e-16
1.6418603e-16
1.882984e-16
1.6418603e-16
3.1758344e-16
1.6418603e-16
1.6418603e-16
1.6418603e-16
5.631167e-16
1.6418603e-16
1.6418603e-16
2.999545e-16
5.5846174e-16
1.6418603e-16
1.782685e-16
1.6418603e-16
1.6418603e-16
2.4274845e-16
1.6418603e-16
1.6418603e-16
1.6418603e-16
4.812166e-16
1.6418603e-16
1.6899641e-16
1.6418603e-16
1.6418603e-16
1.6418603e-16
1.6418603e-16
1.6418603e-16
5.2397633e-16
1.6418603e-16
1.6418603e-16
1.6418603e-16
1.6418603e-16
5.4199457e-16
1.6418603e-16
1.6418603e-16
1.6418603e-16
3.802847e-16
1.8706482e-16
3.2795226e-16
1.9780909e-16
1.6418603e-16
2.8924591e-15
1.6418603e-16
1.6418603e-16
1.768677e-16
1.6418603e-16
7.538497e-16
5.4920415e-16
2.3303965e-16
1.6418603e-16
1.6418603e-16
1.6418603e-16
1.6418603e-16
1.8597974e-16
4.2467384e-16
1.6418603e-16
1.6418603e-16
2.0582155e-16
1.6418603e-16
1.6418603e-16
1.8839467e-16
1.6418603e-16
1.7525916e-16
1.6418603e-16
1.6418603e-16
3.163767e-16
1.8610394e-16
1.963993e-16
2.1243361e-16
2.4180853e-16
1.6418603e-16
1.6418603e-16
1.873905e-16
1.7070173e-16
2.3667064e-16
7.7134997e-16
1.6418603e-16
1.6418603e-16
1.6418603e-16
1.6418603e-16
1.6418603e-16
1.9489619e-16
1.2523686e-15
1.8122232e-16
1.6418603e-16
1.6418603e-16
4.3294236e-16
1.9016295e-16
4.4442326e-16
2.5264677e-16
1.6418603e-16
1.6418603e-16
1.6418603e-16
1.6418603e-16
1.6418603e-16
1.6418603e-16
4.3122656e-16
1.6418603e-16
1.6418603e-16
1.6418603e-16
1.6418603e-16
1.6418603e-16
1.6418603e-16
2.5173094e-16
1.6418603e-16
1.6418603e-16
1.6418603e-16
1.6418603e-16
2.5249356e-16
1.8886022e-16
1.2808015e-15
5.387891e-16
1.6418603e-16
1.7103416e-16
1.6418603e-16
4.1438554e-16
3.3185348e-16
1.8580034e-16
1.6418603e-16
1.6418603e-16
1.6418603e-16
2.573194e-16
1.6418603e-16
1.706646e-16
1.7167606e-16
2.390415e-16
2.481205e-16
1.6418603e-16
1.6418603e-16
1.6418603e-16
1.6418603e-16
1.9689001e-15
4.2048103e-16
1.6418603e-16
1.6418603e-16
1.6418603e-16
4.1396213e-16
1.6418603e-16
1.891717e-16
1.6418603e-16
1.6418603e-16
1.6418603e-16
1.6418603e-16
2.010959e-16
1.6418603e-16
2.2439004e-16
7.898589e-16
3.1132805e-16
1.6418603e-16
2.3768398e-16
1.6418603e-16
1.6418603e-16
1.6418603e-16
1.6418603e-16
1.6418603e-16
3.9143537e-16
1.6418603e-16
1.6418603e-16
3.0222755e-16
1.6418603e-16
1.6418603e-16
7.567857e-16
1.6418603e-16
1.6418603e-16
1.6418603e-16
1.6418603e-16
4.004689e-16
1.6418603e-16
1.6418603e-16
3.9487133e-16
2.381223e-16
1.6418603e-16
1.6418603e-16
7.658029e-16
1.6418603e-16
4.9947267e-16
2.8916852e-16
3.787559e-16
1.6418603e-16
1.6418603e-16
1.9251833e-16
2.4564363e-16
1.6418603e-16
4.7000297e-16
1.6418603e-16
4.4157575e-16
1.6418603e-16
3.940948e-16
1.6418603e-16
1.6418603e-16
1.6418603e-16
2.7255175e-16
3.5962904e-16
1.6418603e-16
1.9180799e-16
1.6418603e-16
1.6418603e-16
3.634465e-16
1.6632876e-16
3.0448873e-16
1.6418603e-16
1.6418603e-16
1.6418603e-16
1.6418603e-16
2.1911848e-16
1.6418603e-16
1.6418603e-16
1.6418603e-16
1.6418603e-16
1.6418603e-16
1.9649146e-16
1.6418603e-16
1.7972221e-16
1.6418603e-16
1.6418603e-16
1.6418603e-16
1.6418603e-16
1.6418603e-16
1.6418603e-16
2.5361527e-16
1.6418603e-16
2.0704926e-16
1.6418603e-16
3.4352324e-16
1.6418603e-16
1.6418603e-16
1.6418603e-16
6.7924064e-16
1.0627701e-15
1.6418603e-16
1.895958e-16
1.6418603e-16
1.6418603e-16
1.6418603e-16
1.6830738e-16
1.6418603e-16
1.6418603e-16
4.503108e-16
1.6418603e-16
1.6418603e-16
1.6418603e-16
6.367356e-16
1.6418603e-16
9.223402e-16
1.6418603e-16
3.5815594e-16
1.6653003e-16
1.6418603e-16
1.9348649e-16
2.9013208e-16
1.6418603e-16
1.6418603e-16
1.6418603e-16
2.5012854e-16
1.7043301e-16
1.6418603e-16
2.0829141e-16
1.6418603e-16
1.6418603e-16
1.6418603e-16
3.2318328e-16
4.2651164e-16
2.2908737e-16
2.1067515e-16
3.8738155e-16
1.6418603e-16
1.6418603e-16
2.2120721e-16
1.8350757e-16
2.9929615e-16
1.6418603e-16
1.6418603e-16
2.4655427e-16
3.148909e-16
1.6418603e-16
5.3380143e-16
1.6418603e-16
1.6418603e-16
1.8218787e-16
1.6418603e-16
1.6418603e-16
1.6418603e-16
1.6418603e-16
1.6418603e-16
3.0799333e-16
1.7167212e-16
1.6418603e-16
1.6418603e-16
1.6418603e-16
1.6418603e-16
1.6418603e-16
2.7914926e-16
1.6418603e-16
3.5041356e-16
1.9634012e-16
1.8207116e-16
1.6418603e-16
1.6418603e-16
1.6418603e-16
1.6418603e-16
2.5678008e-16
2.5412272e-16
1.6418603e-16
1.6418603e-16
1.6418603e-16
1.6666285e-16
1.6418603e-16
1.9979829e-16
1.8001517e-16
1.6418603e-16
2.1937523e-16
2.4180025e-16
1.6418603e-16
1.6418603e-16
1.6418603e-16
3.2165692e-16
1.6418603e-16
1.6418603e-16
2.93185e-16
1.6418603e-16
1.6418603e-16
1.6418603e-16
3.5413593e-16
1.6418603e-16
2.6737905e-16
3.8595226e-16
7.509909e-16
1.8617566e-16
1.6418603e-16
1.7461919e-16
4.152305e-16
1.6418603e-16
2.1840164e-16
1.6418603e-16
1.6418603e-16
4.174333e-16
1.6418603e-16
1.6418603e-16
4.811524e-16
1.7477846e-16
1.6418603e-16
1.6418603e-16
1.9135853e-16
1.6529144e-16
2.0155902e-16
1.6418603e-16
1.6418603e-16
6.704443e-16
1.6418603e-16
3.959286e-16
2.2311907e-16
3.0189453e-16
1.4970831e-15
1.6418603e-16
1.72942e-16
1.6418603e-16
4.4510364e-16
1.6418603e-16
1.6418603e-16
3.6419876e-16
1.6418603e-16
3.754917e-16
2.0890972e-16
2.9237968e-16
1.6418603e-16
2.184908e-16
1.6418603e-16
1.806136e-16
1.6418603e-16
2.4167944e-16
1.6418603e-16
5.778026e-16
7.9515557e-16
1.6418603e-16
1.6418603e-16
3.9874026e-16
1.6418603e-16
1.6418603e-16
1.8696282e-16
1.9962461e-16
1.6418603e-16
1.6418603e-16
4.959564e-16
1.6418603e-16
1.9130162e-16
1.6499473e-16
4.0496081e-16
2.5955236e-16
1.6418603e-16
1.6418603e-16
1.6418603e-16
1.6418603e-16
1.6918023e-16
1.6418603e-16
1.7615196e-16
1.6418603e-16
1.6418603e-16
1.6418603e-16
1.6418603e-16
1.6418603e-16
1.6418603e-16
1.6418603e-16
1.6418603e-16
1.6418603e-16
1.7740693e-16
1.6418603e-16
2.0346867e-16
1.5630992e-15
1.6418603e-16
9.22576e-16
2.1611838e-16
1.6418603e-16
1.6418603e-16
1.9537706e-16
1.6418603e-16
1.8470849e-16
1.7970574e-16
1.6418603e-16
1.6418603e-16
1.7978254e-16
1.9534651e-16
1.6418603e-16
3.6379904e-15
1.6418603e-16
3.0925543e-16
9.693589e-16
1.6418603e-16
2.5733904e-16
5.0215496e-16
3.316738e-16
1.6418603e-16
1.8872123e-16
1.6418603e-16
2.347733e-16
2.1035314e-16
4.4994676e-16
4.3570266e-16
1.6418603e-16
2.8049104e-16
1.6418603e-16
1.3106848e-15
1.8093082e-16
1.6418603e-16
1.6418603e-16
1.6418603e-16
1.6418603e-16
1.6418603e-16
2.6961596e-16
1.6418603e-16
1.6418603e-16
5.4451254e-16
1.6418603e-16
2.22886e-16
3.2902868e-16
1.6418603e-16
3.523034e-16
2.633432e-16
1.6418603e-16
1.6418603e-16
1.6486009e-16
1.3955681e-15
1.6418603e-16
2.090532e-16
3.7562348e-16
1.6418603e-16
1.77994e-16
1.6418603e-16
1.8760079e-16
1.7017963e-16
1.6418603e-16
1.6418603e-16
1.6418603e-16
1.6418603e-16
2.6996176e-16
1.6418603e-16
2.553958e-16
1.386637e-15
2.6253376e-16
1.6418603e-16
1.6418603e-16
1.6418603e-16
3.4060426e-16
4.027209e-16
2.4502503e-16
1.6418603e-16
3.5482827e-16
1.6418603e-16
4.124442e-16
2.0525391e-16
1.6418603e-16
4.463618e-16
1.7305751e-16
4.913353e-16
1.6418603e-16
1.6418603e-16
1.6418603e-16
2.3253966e-16
1.8933704e-16
1.7833245e-16
1.6418603e-16
1.7998979e-16
2.3122522e-16
1.6418603e-16
1.6418603e-16
2.4933876e-16
2.307934e-16
1.6418603e-16
1.6418603e-16
1.6418603e-16
1.6418603e-16
2.2641582e-16
1.8273149e-16
2.0821593e-16
1.6418603e-16
1.6418603e-16
3.2300582e-16
1.6418603e-16
1.6418603e-16
1.6418603e-16
1.6418603e-16
1.6418603e-16
1.6418603e-16
1.6418603e-16
2.40372e-16
1.9403124e-16
2.1318293e-16
1.6418603e-16
2.121769e-16
5.1854584e-16
1.6418603e-16
2.0820483e-16
1.8604148e-16
1.6418603e-16
1.6418603e-16
1.6418603e-16
1.6418603e-16
1.0487069e-15
1.6418603e-16
4.610916e-16
1.6418603e-16
1.6418603e-16
1.6418603e-16
1.6418603e-16
1.6418603e-16
1.6418603e-16
1.6418603e-16
1.6418603e-16
1.6418603e-16
1.6418603e-16
1.6418603e-16
1.7330194e-16
1.6418603e-16
1.6418603e-16
3.2411422e-16
8.865899e-16
1.6418603e-16
1.6418603e-16
1.7818216e-16
2.9731952e-16
1.6418603e-16
1.6418603e-16
1.6418603e-16
1.6418603e-16
1.6418603e-16
7.9421875e-16
1.6418603e-16
2.8072453e-15
1.6418603e-16
1.6418603e-16
1.6418603e-16
1.6418603e-16
1.6418603e-16
1.6418603e-16
2.725788e-16
1.8122785e-16
1.6418603e-16
1.6418603e-16
2.0927341e-16
3.3686733e-16
2.2038344e-16
