4.0877295e-22
1.7426797e-22
2.7432417e-22
1.7426797e-22
2.9826833e-22
1.7426797e-22
2.253329e-22
1.769414e-22
2.3022654e-21
3.2710538e-22
1.7426797e-22
1.7426797e-22
3.8285553e-22
3.9349422e-22
1.839352e-22
3.1183576e-22
1.7426797e-22
1.7426797e-22
2.5235895e-22
1.7426797e-22
1.7426797e-22
1.7426797e-22
1.7426797e-22
1.7426797e-22
3.6230064e-22
2.951152e-22
1.9896334e-22
2.7892703e-22
2.5316985e-22
8.788189e-22
1.3176893e-21
3.5981594e-22
3.1682017e-22
1.7426797e-22
2.042091e-22
1.7426797e-22
1.7426797e-22
2.4748735e-22
1.7426797e-22
1.7426797e-22
1.7426797e-22
4.0252151e-22
4.3432394e-22
7.51665e-22
1.7426797e-22
1.7426797e-22
1.7426797e-22
1.8242724e-22
3.078526e-22
1.7426797e-22
1.9645415e-22
1.7426797e-22
1.7426797e-22
1.7426797e-22
2.0061257e-22
3.4045901e-22
1.7426797e-22
1.7426797e-22
1.7426797e-22
1.7426797e-22
2.077369e-22
1.7426797e-22
3.1844502e-22
1.7426797e-22
1.7426797e-22
4.320996e-22
3.5212232e-22
1.7426797e-22
1.9116461e-22
1.7426797e-22
2.0276916e-22
1.7426797e-22
1.7426797e-22
1.7426797e-22
1.7426797e-22
6.217275e-22
1.7426797e-22
1.7426797e-22
5.6476504e-22
2.2981752e-22
1.7426797e-22
1.7426797e-22
1.7426797e-22
2.281944e-22
1.7426797e-22
1.8631436e-22
2.4184837e-22
3.440179e-22
1.7426797e-22
1.7426797e-22
1.7426797e-22
1.7426797e-22
1.7426797e-22
1.7426797e-22
3.502067e-22
2.4879075e-22
1.7426797e-22
1.9406097e-22
1.7426797e-22
1.7426797e-22
1.7426797e-22
3.7322564e-22
1.7426797e-22
3.9562998e-22
1.7426797e-22
1.7426797e-22
1.8706212e-22
1.7426797e-22
1.7426797e-22
1.7426797e-22
3.6390603e-22
1.7426797e-22
1.7426797e-22
1.7426797e-22
1.7426797e-22
1.7426797e-22
1.7426797e-22
2.0548201e-22
3.5877563e-22
2.7230254e-22
1.1731311e-21
1.7426797e-22
1.7426797e-22
2.0431272e-22
1.7426797e-22
4.0646388e-22
2.1071871e-22
1.7426797e-22
3.237474e-22
5.4455025e-22
1.7426797e-22
1.7426797e-22
4.9930917e-22
1.7426797e-22
1.7426797e-22
1.7426797e-22
1.162063e-21
1.9535038e-22
1.7426797e-22
2.0252335e-22
1.7426797e-22
9.270465e-22
1.7426797e-22
1.7426797e-22
1.7426797e-22
1.8087301e-22
2.795704e-22
1.7426797e-22
2.3671328e-22
5.0608413e-22
1.7426797e-22
1.7426797e-22
1.7426797e-22
6.3281574e-22
1.7426797e-22
1.7426797e-22
2.4684053e-22
2.091084e-22
3.265506e-22
1.7426797e-22
1.0238792e-21
1.7426797e-22
2.294111e-22
4.828646e-22
1.7426797e-22
1.7426797e-22
1.9115733e-22
2.1850932e-22
1.7426797e-22
1.7426797e-22
2.6417046e-22
1.7426797e-22
1.8617226e-22
1.9748581e-22
1.7426797e-22
1.946437e-22
3.1703295e-22
1.7820812e-22
3.1942927e-22
1.9725993e-22
1.7426797e-22
1.7426797e-22
1.7426797e-22
5.9187095e-22
1.7426797e-22
1.7426797e-22
1.7426797e-22
2.4330583e-22
1.7426797e-22
1.9193039e-22
2.0043743e-22
2.887477e-22
1.7426797e-22
2.985062e-22
2.6039256e-22
7.9352596e-22
1.7756821e-22
3.2734754e-22
2.521617e-22
1.7426797e-22
2.6914346e-22
2.5940806e-22
1.7426797e-22
4.468341e-22
2.5073057e-22
1.7426797e-22
1.7426797e-22
2.2777262e-22
1.7426797e-22
5.3878124e-22
1.7426797e-22
1.7426797e-22
1.7426797e-22
1.7426797e-22
1.7426797e-22
1.7426797e-22
2.9187066e-22
1.7426797e-22
1.8826621e-22
6.5317006e-22
2.3213392e-22
1.7426797e-22
1.7426797e-22
1.7426797e-22
1.7426797e-22
1.8275323e-22
1.7426797e-22
1.7426797e-22
1.7426797e-22
1.7426797e-22
1.7426797e-22
1.7426797e-22
1.7426797e-22
1.8730202e-22
1.8778708e-22
2.4046848e-22
1.9973366e-22
4.442083e-22
1.7426797e-22
4.7682595e-22
1.7426797e-22
2.5241673e-22
1.7426797e-22
1.7426797e-22
1.7426797e-22
1.7426797e-22
1.7426797e-22
1.878487e-22
1.7426797e-22
1.7426797e-22
1.7426797e-22
1.9114129e-22
1.7426797e-22
4.150978e-22
1.9903242e-22
1.7426797e-22
1.8585509e-22
3.5833387e-22
2.307038e-22
2.1718383e-22
1.7426797e-22
1.7426797e-22
1.7426797e-22
3.501853e-22
1.7426797e-22
6.249114e-22
1.7426797e-22
1.7426797e-22
1.7426797e-22
2.1828685e-22
1.7426797e-22
1.7426797e-22
2.3073109e-22
2.4107738e-22
1.7426797e-22
1.7426797e-22
4.4594183e-22
3.9616004e-22
1.7426797e-22
1.7426797e-22
1.7426797e-22
1.7426797e-22
2.408669e-22
2.0301219e-22
2.2199859e-22
1.7426797e-22
1.7426797e-22
1.7426797e-22
1.7426797e-22
2.1793574e-22
1.7426797e-22
3.4224817e-22
1.7426797e-22
1.7426797e-22
1.7426797e-22
1.7426797e-22
4.4159126e-22
2.3937571e-22
1.7426797e-22
1.7426797e-22
8.040506e-22
1.7426797e-22
1.7874736e-22
1.7426797e-22
1.7426797e-22
1.7426797e-22
1.7426797e-22
1.7426797e-22
3.9575826e-22
1.7426797e-22
1.2076814e-21
2.3835875e-22
2.1272979e-22
1.7426797e-22
1.7426797e-22
3.2445955e-22
1.7426797e-22
3.5897829e-22
1.7426797e-22
1.7426797e-22
1.7426797e-22
2.211736e-22
1.7426797e-22
1.7426797e-22
2.0329895e-22
1.7426797e-22
1.7772204e-22
1.7426797e-22
1.7426797e-22
1.7426797e-22
6.53671e-22
1.7426797e-22
1.7426797e-22
7.7943446e-22
1.7426797e-22
1.7426797e-22
1.7426797e-22
1.7670464e-22
3.05718e-22
3.8332612e-22
1.8980941e-22
2.4670028e-22
1.7426797e-22
4.65807e-22
1.7746259e-22
5.2858406e-22
1.7426797e-22
1.7426797e-22
1.7426797e-22
4.7422657e-22
5.152946e-22
1.7997825e-22
1.7426797e-22
1.7426797e-22
1.8672917e-22
1.7426797e-22
1.7426797e-22
2.826696e-22
1.7426797e-22
5.250191e-22
1.7426797e-22
1.7426797e-22
2.3183744e-22
2.6511336e-22
1.7426797e-22
2.279647e-22
1.7426797e-22
2.4210129e-22
1.8271558e-22
1.7426797e-22
2.1301807e-22
1.7426797e-22
1.7426797e-22
1.7426797e-22
1.7426797e-22
1.9983274e-22
1.7426797e-22
1.7426797e-22
1.7426797e-22
1.7426797e-22
1.7426797e-22
1.8278671e-22
1.7426797e-22
1.7426797e-22
1.9648337e-22
1.7426797e-22
1.7426797e-22
1.7426797e-22
8.093342e-22
1.7426797e-22
1.7426797e-22
2.561991e-22
2.0973952e-22
1.7426797e-22
2.5665104e-22
2.2015422e-22
1.7426797e-22
1.7426797e-22
3.5745188e-22
1.7426797e-22
1.7426797e-22
1.7426797e-22
1.7426797e-22
1.7426797e-22
1.9900661e-22
5.0945056e-22
2.0192161e-22
1.7426797e-22
1.7426797e-22
1.7426797e-22
4.38638e-22
1.7426797e-22
1.7426797e-22
2.2485636e-22
1.7426797e-22
2.542422e-22
1.9557556e-22
2.6426318e-22
1.7426797e-22
2.4294505e-22
1.7426797e-22
3.423004e-22
1.7426797e-22
2.382406e-22
1.7426797e-22
1.8394925e-22
1.7426797e-22
1.7426797e-22
4.534415e-22
1.7426797e-22
1.7426797e-22
2.8495398e-22
1.7426797e-22
1.7426797e-22
4.0896637e-22
1.7426797e-22
1.7426797e-22
1.7426797e-22
1.7426797e-22
1.7426797e-22
9.858689e-22
1.7426797e-22
1.7426797e-22
1.7426797e-22
1.8205322e-22
2.0115513e-22
1.7426797e-22
1.7426797e-22
1.7426797e-22
1.9449602e-22
1.7426797e-22
2.4756192e-22
1.7426797e-22
1.7426797e-22
1.7580706e-22
2.4602926e-22
1.7426797e-22
1.7426797e-22
1.7426797e-22
9.920069e-22
2.678785e-22
3.4611082e-22
1.7426797e-22
1.7426797e-22
1.7426797e-22
2.657634e-22
1.7426797e-22
2.8613477e-22
1.7426797e-22
1.7426797e-22
1.7426797e-22
2.1332871e-22
1.7426797e-22
2.1572811e-22
1.7426797e-22
2.2096532e-22
2.4159942e-22
2.4140595e-22
1.7426797e-22
2.913678e-22
2.5247161e-22
2.0396464e-22
1.7426797e-22
3.0089104e-22
8.89219e-22
1.7426797e-22
2.5635554e-22
8.617028e-22
1.7621931e-22
2.0805255e-22
1.7426797e-22
4.721345e-22
1.7426797e-22
2.4628558e-22
1.7426797e-22
1.7426797e-22
1.7426797e-22
2.0510768e-22
2.3190648e-22
1.7426797e-22
2.5411711e-22
2.258725e-22
7.7725796e-22
1.7426797e-22
1.7426797e-22
1.7426797e-22
1.7426797e-22
2.5116327e-22
2.9827401e-22
2.0140621e-22
1.7426797e-22
1.7426797e-22
1.7426797e-22
1.7426797e-22
1.8598698e-22
2.1888472e-22
3.7910886e-22
2.419979e-22
1.7426797e-22
2.7167274e-22
1.9619503e-22
2.5624212e-22
1.7426797e-22
3.943688e-22
2.2431748e-22
2.970624e-22
3.3057513e-22
1.838861e-22
3.1467018e-22
1.7426797e-22
2.5695961e-22
1.7426797e-22
2.9008137e-22
2.0375077e-22
1.7426797e-22
2.5944368e-22
2.3384304e-22
1.7426797e-22
1.7426797e-22
5.5799583e-22
3.2443231e-22
3.386702e-22
1.7426797e-22
1.9976187e-22
1.7426797e-22
1.7426797e-22
5.3545995e-22
2.0083845e-22
2.87441e-22
6.5919e-22
3.0762955e-22
1.7489599e-22
1.7426797e-22
1.7426797e-22
1.7426797e-22
2.2062165e-22
4.8305626e-22
3.096688e-22
3.7467642e-22
1.7426797e-22
1.7426797e-22
2.7083564e-22
1.7426797e-22
1.7426797e-22
1.2087738e-21
1.7426797e-22
1.7426797e-22
1.8306581e-22
5.1363433e-22
1.7426797e-22
1.7426797e-22
1.7426797e-22
1.7426797e-22
1.7426797e-22
2.526489e-22
1.7611581e-22
1.7426797e-22
1.7426797e-22
3.2363752e-22
2.4802794e-22
2.983696e-22
1.7426797e-22
1.7426797e-22
1.9285882e-22
1.7426797e-22
3.0598632e-22
1.7426797e-22
1.8521525e-22
2.5249378e-22
1.7426797e-22
1.7426797e-22
3.251869e-22
1.7426797e-22
2.7367612e-22
1.8019534e-22
1.7426797e-22
1.7426797e-22
1.7426797e-22
2.0927758e-22
1.7426797e-22
1.7426797e-22
1.7426797e-22
3.0902804e-22
1.7426797e-22
1.7426797e-22
4.0098895e-22
1.7426797e-22
8.2050975e-22
1.8729203e-22
1.7426797e-22
1.7426797e-22
3.568266e-22
1.7426797e-22
2.2959147e-22
1.7426797e-22
7.776287e-22
1.7426797e-22
2.282153e-22
3.0887012e-22
4.4334326e-22
1.7426797e-22
1.7426797e-22
1.7426797e-22
4.026889e-22
1.7426797e-22
1.7426797e-22
2.5156118e-22
1.7426797e-22
1.7426797e-22
1.7426797e-22
2.1183576e-22
1.7426797e-22
1.7426797e-22
1.7426797e-22
2.2149616e-22
2.4884866e-22
2.587656e-22
1.7426797e-22
5.2816477e-22
1.7426797e-22
9.37917e-22
1.7426797e-22
1.7426797e-22
1.7426797e-22
1.7426797e-22
1.9317173e-22
1.9599606e-22
1.7426797e-22
1.7426797e-22
1.7426797e-22
1.7426797e-22
1.7426797e-22
1.7426797e-22
1.8910765e-22
1.7426797e-22
1.7426797e-22
1.7426797e-22
1.751685e-21
2.7213225e-22
1.7426797e-22
1.7426797e-22
1.7426797e-22
1.7426797e-22
3.078174e-22
1.7774984e-22
1.7426797e-22
1.7977857e-22
1.7795677e-22
1.7426797e-22
2.1069622e-22
1.7426797e-22
4.1381242e-22
1.7566559e-22
1.9158805e-22
1.7426797e-22
1.7426797e-22
1.7426797e-22
2.2790397e-21
1.7426797e-22
1.7426797e-22
2.9995473e-22
2.479324e-22
1.7426797e-22
1.7426797e-22
1.7426797e-22
1.7426797e-22
1.7426797e-22
1.7426797e-22
1.7426797e-22
1.7426797e-22
1.7426797e-22
1.7426797e-22
1.7426797e-22
1.7426797e-22
1.7426797e-22
3.6762158e-22
1.9525799e-22
1.7426797e-22
1.7426797e-22
1.7426797e-22
1.7426797e-22
1.7426797e-22
1.7426797e-22
1.7426797e-22
1.7426797e-22
2.0203489e-22
2.836158e-22
1.7426797e-22
1.7426797e-22
2.742195e-22
2.5806276e-22
1.7426797e-22
1.7426797e-22
1.7426797e-22
1.7426797e-22
1.7426797e-22
1.7426797e-22
1.7426797e-22
1.7426797e-22
1.7426797e-22
1.7426797e-22
1.7426797e-22
1.7426797e-22
2.0005011e-22
1.2209388e-21
3.0721674e-22
1.7426797e-22
1.7426797e-22
1.7426797e-22
1.7426797e-22
2.00481e-22
1.7426797e-22
1.7426797e-22
1.7426797e-22
1.7426797e-22
1.7426797e-22
1.7426797e-22
1.7426797e-22
1.7426797e-22
1.7426797e-22
9.749743e-22
1.7426797e-22
1.7426797e-22
1.7426797e-22
1.7426797e-22
8.1617993e-22
1.7426797e-22
1.7426797e-22
1.7426797e-22
9.067054e-22
1.7426797e-22
1.7426797e-22
3.697904e-22
1.7426797e-22
1.3236542e-21
1.7426797e-22
1.7426797e-22
1.7426797e-22
1.7426797e-22
1.7426797e-22
1.7426797e-22
1.7426797e-22
1.7426797e-22
1.7942641e-22
1.7426797e-22
1.7426797e-22
1.7426797e-22
1.7426797e-22
2.4978928e-22
1.7426797e-22
1.7426797e-22
4.3804444e-22
2.485631e-22
1.985857e-22
1.7426797e-22
1.8601112e-22
1.7426797e-22
2.1189071e-22
1.7426797e-22
1.7426797e-22
1.7426797e-22
2.772319e-22
1.7426797e-22
1.7426797e-22
3.263339e-22
1.7426797e-22
1.7426797e-22
1.7426797e-22
2.7234513e-22
1.7426797e-22
1.7426797e-22
3.3796164e-22
1.7426797e-22
2.3884575e-22
1.8078057e-22
1.7426797e-22
1.7426797e-22
2.0864785e-22
2.7115093e-22
1.7426797e-22
1.7426797e-22
1.7426797e-22
1.7426797e-22
2.2956256e-22
2.6363186e-22
1.7426797e-22
1.7426797e-22
2.5783642e-22
2.3328884e-22
1.7426797e-22
1.7426797e-22
1.990271e-22
1.7426797e-22
1.7426797e-22
1.7426797e-22
2.0359384e-22
1.7426797e-22
1.7426797e-22
2.5106078e-22
1.7426797e-22
4.4968116e-22
2.686757e-22
2.6549895e-22
1.7426797e-22
1.7426797e-22
1.7426797e-22
2.695247e-22
1.7426797e-22
2.0933987e-22
3.2932777e-22
2.3209409e-22
1.8669498e-22
1.7426797e-22
3.1533108e-22
1.7875077e-22
1.7426797e-22
1.9479821e-22
1.7426797e-22
1.9002097e-22
2.6345695e-22
1.9707942e-22
1.7426797e-22
1.9044476e-22
5.160581e-21
1.7426797e-22
1.9038158e-22
1.7426797e-22
1.8731846e-22
1.7426797e-22
1.7426797e-22
1.7426797e-22
3.2516831e-22
1.7426797e-22
1.876632e-22
1.7426797e-22
3.578585e-22
1.7426797e-22
2.5571094e-22
2.6386428e-22
1.7426797e-22
3.8078874e-22
1.7426797e-22
1.7426797e-22
5.760183e-22
1.7426797e-22
1.7426797e-22
1.9061337e-22
2.4693096e-22
1.7426797e-22
2.0245768e-22
1.7426797e-22
6.438781e-22
1.7426797e-22
1.7729881e-22
1.7426797e-22
2.8301055e-22
1.7426797e-22
1.7426797e-22
2.1161286e-22
1.7426797e-22
3.4717662e-22
1.7426797e-22
1.7426797e-22
1.7426797e-22
1.7426797e-22
1.7426797e-22
1.7426797e-22
1.7426797e-22
1.7426797e-22
2.1064959e-22
5.8827617e-22
1.9807502e-22
1.7426797e-22
1.7426797e-22
1.7426797e-22
1.7426797e-22
1.7426797e-22
1.7426797e-22
1.7426797e-22
1.7426797e-22
1.7426797e-22
1.7426797e-22
3.7903512e-22
1.7426797e-22
2.3591275e-22
2.5518567e-22
1.7426797e-22
2.130611e-22
1.7426797e-22
2.36604e-22
4.087171e-21
1.7426797e-22
1.7426797e-22
2.6593077e-22
1.7426797e-22
1.7426797e-22
2.4135897e-22
1.7426797e-22
2.7299212e-22
4.5410277e-22
1.7426797e-22
1.7426797e-22
7.2350374e-22
1.7426797e-22
1.7426797e-22
1.7426797e-22
6.836656e-22
3.2099035e-22
1.7426797e-22
1.7426797e-22
1.7426797e-22
1.7426797e-22
1.7426797e-22
2.0239437e-22
1.7426797e-22
1.7426797e-22
1.7426797e-22
1.7426797e-22
1.9918508e-22
1.7426797e-22
3.5102924e-22
1.7426797e-22
2.4303217e-22
1.8612469e-22
3.8023568e-22
1.7426797e-22
1.7426797e-22
1.5289313e-21
1.9956686e-22
6.0068953e-22
1.7426797e-22
1.7426797e-22
1.0199262e-21
1.7426797e-22
2.2260239e-22
1.7426797e-22
2.4207453e-22
1.7426797e-22
1.7426797e-22
1.8091991e-22
1.7426797e-22
2.4372104e-22
1.7426797e-22
2.0755236e-22
1.7426797e-22
1.7426797e-22
1.7426797e-22
7.08547e-22
1.7426797e-22
1.772062e-22
1.7426797e-22
1.7426797e-22
1.7426797e-22
1.7426797e-22
1.7426797e-22
3.6878881e-22
1.7618234e-22
1.7426797e-22
1.7426797e-22
1.7426797e-22
1.7922801e-22
1.7426797e-22
1.7426797e-22
1.7426797e-22
3.7583878e-22
3.1857503e-22
1.7426797e-22
1.7426797e-22
1.7426797e-22
1.7426797e-22
1.7426797e-22
1.7426797e-22
1.7426797e-22
2.0625714e-22
2.824594e-22
1.0312681e-21
1.7426797e-22
1.7426797e-22
1.7426797e-22
1.7426797e-22
2.5002188e-22
1.7426797e-22
1.967594e-22
1.7426797e-22
5.4629383e-22
1.7426797e-22
2.2026509e-22
1.7426797e-22
1.7426797e-22
1.7426797e-22
2.3396261e-22
1.7686043e-22
2.405832e-22
1.7426797e-22
2.272857e-22
4.0491635e-22
1.7426797e-22
3.7373572e-22
1.8129437e-22
1.7426797e-22
2.2297036e-22
1.7426797e-22
1.7426797e-22
1.7426797e-22
3.7255853e-22
1.7426797e-22
1.7426797e-22
4.440863e-22
1.7426797e-22
1.7426797e-22
2.5626653e-22
1.7426797e-22
1.7426797e-22
1.7426797e-22
1.7426797e-22
1.7960653e-22
1.0189113e-21
2.0808987e-22
1.7426797e-22
1.7426797e-22
7.519006e-21
1.7426797e-22
2.1807713e-22
3.3491614e-22
6.8581265e-22
5.0260376e-22
1.7426797e-22
1.7426797e-22
1.8675196e-22
1.8281248e-22
4.0280109e-22
3.5035905e-22
2.3064046e-22
1.7426797e-22
1.7426797e-22
1.7426797e-22
1.7426797e-22
1.7426797e-22
1.7426797e-22
1.7426797e-22
1.7743481e-22
5.0850115e-22
1.7426797e-22
1.7426797e-22
1.7996452e-22
1.7426797e-22
1.7426797e-22
3.4849557e-22
2.0026544e-22
1.7426797e-22
1.7426797e-22
5.8918347e-22
1.7426797e-22
1.7426797e-22
1.7775188e-22
1.7426797e-22
1.7426797e-22
1.7426797e-22
3.6925897e-22
2.448271e-22
1.7426797e-22
1.7426797e-22
1.8200534e-22
1.7426797e-22
1.7426797e-22
1.7426797e-22
1.7426797e-22
2.565316e-22
1.7426797e-22
1.7426797e-22
8.982365e-22
3.5707714e-22
1.7426797e-22
1.7426797e-22
2.4664666e-22
1.3096763e-21
2.8130134e-22
1.7426797e-22
1.7426797e-22
1.7426797e-22
1.7426797e-22
1.7426797e-22
1.7426797e-22
1.7615344e-22
2.0788752e-22
1.7426797e-22
2.4872623e-22
1.7426797e-22
1.8024828e-22
1.7426797e-22
1.7426797e-22
1.9250965e-22
1.7426797e-22
1.7426797e-22
1.9305828e-22
1.7426797e-22
5.018738e-22
1.7426797e-22
2.0206341e-22
1.7426797e-22
2.1927168e-22
2.0351618e-22
2.210808e-22
1.7426797e-22
4.5702057e-22
2.0182074e-22
1.7426797e-22
1.7426797e-22
5.6579366e-22
1.7426797e-22
1.7426797e-22
4.299441e-22
3.5429695e-22
1.7426797e-22
1.7426797e-22
1.7426797e-22
3.092568e-22
1.7426797e-22
2.2314396e-22
3.4489042e-22
2.0554473e-22
1.7426797e-22
3.2212992e-22
1.9975044e-22
1.7426797e-22
1.7426797e-22
2.7931048e-21
1.7426797e-22
3.192892e-22
1.7426797e-22
1.8173475e-22
1.7426797e-22
6.624873e-22
1.7426797e-22
1.7426797e-22
1.7426797e-22
1.7426797e-22
1.7426797e-22
2.0235653e-22
1.7426797e-22
1.7426797e-22
2.1590098e-22
1.7426797e-22
2.3377972e-22
2.0776702e-22
1.7426797e-22
1.919743e-22
1.778631e-22
1.7426797e-22
2.8626687e-22
1.7426797e-22
1.7426797e-22
1.8025102e-22
2.3243518e-22
1.7707984e-22
1.7426797e-22
1.7426797e-22
1.7426797e-22
1.7426797e-22
1.7426797e-22
6.5253993e-22
1.7426797e-22
2.0814462e-22
2.1131843e-22
2.6314156e-22
1.8350561e-22
1.7426797e-22
3.446234e-22
2.735081e-22
1.7426797e-22
1.9581442e-22
1.7426797e-22
1.7426797e-22
1.7426797e-22
1.9212009e-22
6.361825e-22
2.2532e-22
2.1620264e-22
1.7426797e-22
1.7426797e-22
4.1277817e-22
1.7426797e-22
1.7426797e-22
1.7426797e-22
2.82059e-21
1.7426797e-22
1.8326984e-22
1.7952706e-22
3.239315e-22
1.7426797e-22
1.7426797e-22
1.9031332e-22
1.7426797e-22
1.7426797e-22
1.7426797e-22
1.7722376e-22
2.2258795e-22
1.9219705e-22
1.7426797e-22
1.7426797e-22
1.7426797e-22
2.984971e-22
4.401802e-22
1.7426797e-22
1.7426797e-22
1.7426797e-22
1.7426797e-22
1.7678623e-22
2.1366996e-22
1.7426797e-22
2.9195644e-22
2.8482794e-22
1.7426797e-22
1.7426797e-22
1.7426797e-22
1.7426797e-22
1.7426797e-22
1.7426797e-22
1.0130358e-21
1.7426797e-22
2.26895e-22
4.2095804e-22
1.7426797e-22
2.515756e-22
1.7426797e-22
1.7426797e-22
1.7426797e-22
1.7426797e-22
1.7426797e-22
1.7426797e-22
1.7426797e-22
1.7426797e-22
1.8102208e-22
1.7426797e-22
1.7426797e-22
1.7426797e-22
1.7426797e-22
1.2746951e-21
5.3083917e-22
1.7426797e-22
1.7426797e-22
1.7426797e-22
1.9375624e-22
1.7750929e-22
1.7426797e-22
2.4567287e-22
1.7426797e-22
1.7426797e-22
1.9937817e-22
1.8919208e-22
1.7426797e-22
1.8381807e-22
3.1206065e-22
1.7426797e-22
1.8238966e-22
1.7426797e-22
1.7426797e-22
2.4031255e-22
1.7426797e-22
1.7426797e-22
1.7426797e-22
2.4026676e-22
1.7426797e-22
1.7426797e-22
1.7426797e-22
1.7426797e-22
1.7426797e-22
2.11516e-22
1.7426797e-22
1.7426797e-22
3.9668331e-22
1.9342096e-22
4.275268e-22
1.7426797e-22
1.7767255e-22
9.777753e-22
2.5034161e-22
2.4718637e-22
1.7426797e-22
3.169846e-22
2.2266267e-22
1.994824e-22
1.7426797e-22
2.7550292e-22
5.795226e-22
1.7426797e-22
1.7426797e-22
1.7426797e-22
1.7426797e-22
2.1762337e-22
1.8219428e-22
1.8902183e-22
1.1860952e-21
1.7426797e-22
1.7426797e-22
1.7426797e-22
2.3216669e-22
1.7426797e-22
1.7426797e-22
1.7426797e-22
1.7426797e-22
3.136934e-22
2.1316925e-22
1.9628337e-22
1.7426797e-22
2.0231792e-22
1.7426797e-22
1.7426797e-22
1.7426797e-22
2.284287e-22
1.808461e-22
1.7426797e-22
1.7426797e-22
1.7426797e-22
8.937795e-22
1.7426797e-22
1.7426797e-22
1.7426797e-22
1.7426797e-22
1.7426797e-22
1.7426797e-22
2.0705345e-21
1.7426797e-22
2.5418012e-22
2.6962236e-22
1.7426797e-22
1.6943298e-21
1.7426797e-22
2.0015852e-22
1.9605137e-22
2.0577853e-22
6.331755e-22
3.2956652e-22
1.7426797e-22
1.7426797e-22
1.7426797e-22
3.7777781e-22
1.7426797e-22
1.7426797e-22
1.7426797e-22
1.7426797e-22
1.8770974e-22
1.7426797e-22
4.1690052e-22
1.7426797e-22
4.379342e-22
1.7426797e-22
1.7426797e-22
1.7426797e-22
1.7426797e-22
1.7426797e-22
1.7426797e-22
1.9631632e-22
1.7426797e-22
1.7426797e-22
3.2511126e-22
1.7426797e-22
1.7426797e-22
1.7426797e-22
1.7426797e-22
5.102791e-22
1.7426797e-22
1.7426797e-22
2.5685182e-22
1.7426797e-22
2.366609e-22
3.0790562e-21
1.7426797e-22
1.7426797e-22
5.204348e-22
1.7426797e-22
1.7426797e-22
2.2261256e-22
1.7426797e-22
1.7426797e-22
6.3969895e-22
6.146108e-22
3.5345732e-22
3.8128147e-22
1.7426797e-22
1.7426797e-22
1.7426797e-22
1.7426797e-22
5.865575e-22
1.7426797e-22
1.7426797e-22
1.9263308e-22
1.7426797e-22
1.7426797e-22
1.7426797e-22
1.7426797e-22
2.508607e-22
1.9306637e-22
3.5029218e-22
1.8271977e-22
1.7426797e-22
1.7426797e-22
1.858019e-22
1.7822717e-22
1.7764004e-22
8.236112e-22
4.915981e-22
1.7426797e-22
1.7426797e-22
1.7426797e-22
3.0110346e-22
3.1764306e-22
1.7426797e-22
3.1448898e-22
1.7426797e-22
2.1520454e-22
1.7426797e-22
1.7426797e-22
1.7426797e-22
2.1031559e-22
2.0014629e-22
2.6715394e-22
1.7426797e-22
2.2410107e-22
1.7426797e-22
1.7426797e-22
1.7426797e-22
1.7426797e-22
1.7426797e-22
2.4954356e-22
1.7426797e-22
1.7605268e-22
3.924419e-22
3.4893718e-22
1.7426797e-22
2.3466514e-22
1.7426797e-22
1.7426797e-22
2.6258602e-22
1.7426797e-22
1.7426797e-22
3.5105073e-22
1.7426797e-22
1.7426797e-22
1.7426797e-22
1.7426797e-22
1.7426797e-22
1.7426797e-22
8.4451697e-22
1.7426797e-22
1.7764546e-22
1.7426797e-22
2.0317333e-22
1.7426797e-22
1.7426797e-22
1.7426797e-22
1.7426797e-22
1.7426797e-22
3.1485632e-22
1.7426797e-22
7.235396e-22
2.0632559e-22
1.7426797e-22
1.0050719e-21
1.0288318e-21
1.7426797e-22
4.3058255e-22
1.7426797e-22
2.0729756e-22
1.7426797e-22
2.3208876e-22
3.4938074e-22
2.2291763e-22
1.7426797e-22
4.37088e-22
2.1336209e-22
1.7426797e-22
2.240814e-22
1.7426797e-22
1.9224766e-22
6.0739245e-22
4.3312775e-22
1.7426797e-22
2.2650756e-22
1.7426797e-22
1.7426797e-22
1.7426797e-22
1.7426797e-22
1.0100415e-21
1.7426797e-22
1.7426797e-22
3.166619e-22
1.9993189e-22
1.5003373e-21
1.7426797e-22
1.7426797e-22
1.7426797e-22
5.2064527e-22
1.7426797e-22
3.6883804e-22
1.7426797e-22
1.7426797e-22
1.7426797e-22
2.835779e-22
1.7426797e-22
2.195395e-22
1.7426797e-22
1.7426797e-22
2.0227627e-22
1.7426797e-22
1.7426797e-22
1.7426797e-22
1.7426797e-22
1.7426797e-22
1.7536499e-22
3.3558625e-22
2.224657e-22
1.7704605e-22
1.7426797e-22
1.937651e-22
3.007235e-22
2.678928e-22
3.176879e-22
7.739178e-22
9.52807e-22
1.7426797e-22
1.9596913e-22
1.1389825e-21
1.7426797e-22
1.7426797e-22
1.7426797e-22
1.7426797e-22
1.7426797e-22
1.7426797e-22
1.7426797e-22
7.3036696e-22
1.8275532e-22
1.7426797e-22
2.468509e-22
1.7426797e-22
1.7426797e-22
1.7426797e-22
1.7426797e-22
1.7426797e-22
1.7426797e-22
5.5567413e-22
1.7426797e-22
4.0429124e-22
1.7426797e-22
1.7426797e-22
2.1940052e-22
4.3020495e-22
1.7426797e-22
1.7426797e-22
1.7426797e-22
1.7426797e-22
1.8431238e-22
1.7426797e-22
1.7426797e-22
1.7426797e-22
1.7426797e-22
2.896645e-22
1.7426797e-22
1.7426797e-22
1.7426797e-22
1.7426797e-22
2.222969e-22
1.871956e-22
1.7426797e-22
2.7569742e-22
1.7426797e-22
1.7426797e-22
1.8810542e-22
1.8171328e-22
3.5581802e-22
3.0430086e-22
1.7426797e-22
1.7426797e-22
1.7426797e-22
1.7426797e-22
1.7426797e-22
1.7426797e-22
1.7426797e-22
7.312144e-22
1.7426797e-22
1.8996226e-22
1.1531428e-21
1.7426797e-22
1.7426797e-22
1.7426797e-22
1.7426797e-22
1.7426797e-22
8.286946e-22
1.8905787e-22
1.7426797e-22
1.7426797e-22
7.591717e-22
1.7426797e-22
9.093968e-22
1.7426797e-22
1.7426797e-22
5.399108e-22
1.7426797e-22
1.7426797e-22
2.4824092e-22
4.5832304e-22
1.7426797e-22
2.6295793e-22
2.5316601e-22
3.2553818e-22
1.7426797e-22
1.7426797e-22
1.7650389e-22
4.5031114e-22
2.774244e-22
2.0204337e-22
2.6518818e-22
1.7426797e-22
1.9832075e-22
1.7426797e-22
1.7949006e-22
1.7426797e-22
2.0443044e-22
1.7426797e-22
1.7426797e-22
1.7426797e-22
1.9774061e-22
1.7426797e-22
1.7426797e-22
1.7426797e-22
1.7426797e-22
1.7426797e-22
1.8725845e-22
2.040985e-22
1.48965e-21
2.6131496e-22
1.7426797e-22
1.9418687e-22
1.7426797e-22
2.1777453e-22
2.157455e-21
3.1070295e-22
1.7426797e-22
1.8435316e-22
2.015015e-22
1.292839e-21
1.7426797e-22
1.7426797e-22
1.7426797e-22
1.7426797e-22
1.7426797e-22
1.7426797e-22
1.8606362e-22
1.7426797e-22
1.7426797e-22
2.133767e-22
2.7512588e-22
1.7426797e-22
2.314372e-22
5.665885e-22
1.8904635e-22
1.7426797e-22
1.9131342e-22
1.9591607e-22
1.8390996e-22
1.8657537e-22
1.7426797e-22
1.7426797e-22
4.421458e-22
1.7426797e-22
1.7737255e-22
3.1170732e-22
1.7426797e-22
3.8377384e-22
1.7426797e-22
1.7426797e-22
1.7426797e-22
1.7426797e-22
5.448869e-22
2.5877942e-22
1.7426797e-22
1.7426797e-22
3.922099e-22
1.7426797e-22
3.9250775e-22
1.7426797e-22
1.7426797e-22
1.7426797e-22
4.5470947e-22
2.435008e-22
1.7426797e-22
1.7602986e-22
1.7426797e-22
1.7426797e-22
2.863324e-22
1.7426797e-22
2.0837184e-22
2.5667552e-22
2.549687e-22
1.7426797e-22
1.7426797e-22
2.1178325e-22
1.7426797e-22
1.7426797e-22
1.7426797e-22
2.498636e-22
1.7426797e-22
1.7534767e-21
1.7426797e-22
1.7426797e-22
2.0387752e-22
1.7426797e-22
2.0369016e-22
1.7426797e-22
1.7723999e-22
1.7426797e-22
3.1095673e-22
1.7426797e-22
2.2046267e-22
1.7426797e-22
1.7426797e-22
1.3513273e-21
1.8473684e-22
1.7426797e-22
1.7426797e-22
1.7426797e-22
1.7426797e-22
1.7426797e-22
1.7426797e-22
1.7426797e-22
1.2443265e-21
1.7426797e-22
1.2460841e-21
1.7426797e-22
1.7426797e-22
1.767006e-22
1.7426797e-22
1.7426797e-22
1.7426797e-22
1.933184e-22
3.1785034e-22
1.7426797e-22
1.7426797e-22
1.7426797e-22
2.1709354e-22
6.0525296e-22
2.7692428e-22
1.7426797e-22
1.7426797e-22
3.52656e-22
1.7426797e-22
1.7426797e-22
2.5974271e-22
1.7426797e-22
1.7426797e-22
2.4444545e-22
1.7426797e-22
2.3404382e-22
1.7426797e-22
1.7426797e-22
2.1459952e-22
9.637112e-22
1.7426797e-22
2.000669e-22
1.8481932e-22
1.7426797e-22
1.7426797e-22
1.7426797e-22
3.2351166e-22
2.332061e-22
1.7426797e-22
1.7426797e-22
1.7426797e-22
1.7426797e-22
1.7426797e-22
1.7426797e-22
1.7426797e-22
2.5688613e-22
1.7426797e-22
1.7426797e-22
5.654074e-22
1.7426797e-22
1.7679163e-22
1.7426797e-22
1.7542385e-22
2.1129585e-22
1.7426797e-22
1.7426797e-22
1.7426797e-22
1.7426797e-22
3.575965e-22
1.7426797e-22
1.7426797e-22
1.7426797e-22
2.264756e-22
1.7426797e-22
1.7426797e-22
1.7426797e-22
1.7426797e-22
1.7426797e-22
5.7309445e-22
1.7426797e-22
1.7426797e-22
1.7426797e-22
3.4303113e-22
2.1702068e-22
1.958488e-22
4.538084e-22
2.154148e-22
1.886861e-22
1.7426797e-22
4.3024433e-22
2.9538325e-22
1.7426797e-22
2.8569849e-22
6.976551e-22
1.9217362e-22
1.7426797e-22
1.7426797e-22
2.200056e-22
1.7426797e-22
1.7426797e-22
2.8415181e-22
1.7426797e-22
1.7426797e-22
1.7775323e-22
1.7426797e-22
1.7426797e-22
4.7336804e-22
1.8984128e-22
1.7426797e-22
1.7426797e-22
1.7426797e-22
2.4838395e-22
1.7426797e-22
1.7426797e-22
1.7426797e-22
1.7426797e-22
1.7426797e-22
1.759909e-22
3.4736873e-22
2.352693e-22
1.7426797e-22
1.7426797e-22
1.7426797e-22
2.160798e-22
6.9015085e-22
4.799649e-22
1.7426797e-22
1.7426797e-22
1.7426797e-22
1.7426797e-22
2.9297837e-22
2.4760726e-22
2.2832068e-22
2.708057e-22
1.7426797e-22
1.7426797e-22
1.7426797e-22
1.7426797e-22
4.7185186e-22
3.2709664e-22
1.7426797e-22
1.7426797e-22
2.1221512e-22
1.7723594e-22
4.0112663e-22
1.7426797e-22
1.7426797e-22
3.094291e-22
1.7426797e-22
1.7426797e-22
5.289976e-22
4.3242775e-22
1.7426797e-22
3.0925799e-22
1.7426797e-22
1.7426797e-22
1.7426797e-22
1.7426797e-22
1.7426797e-22
1.7426797e-22
4.816339e-22
1.7426797e-22
1.7426797e-22
2.578394e-22
1.7426797e-22
1.7426797e-22
1.9644891e-22
1.7426797e-22
1.7426797e-22
1.7426797e-22
3.443159e-22
1.7426797e-22
1.7426797e-22
2.783392e-22
3.5383236e-22
4.3467867e-22
2.1420368e-22
1.7426797e-22
1.7426797e-22
1.751036e-22
3.3560165e-22
1.7426797e-22
2.4813015e-22
2.0442654e-22
1.7426797e-22
1.7426797e-22
1.7426797e-22
1.7426797e-22
2.874169e-22
1.7426797e-22
1.7426797e-22
1.7426797e-22
2.2601902e-22
1.7426797e-22
7.493089e-22
2.1325546e-22
1.7426797e-22
3.8327932e-22
1.7426797e-22
1.7426797e-22
1.8962776e-22
1.7426797e-22
1.7426797e-22
1.7426797e-22
1.7426797e-22
1.7426797e-22
1.7426797e-22
1.7426797e-22
2.0376089e-22
2.0328264e-22
2.0123507e-21
2.1215926e-22
5.433323e-22
1.7426797e-22
2.148133e-22
2.3623514e-22
1.7426797e-22
1.7426797e-22
1.7426797e-22
1.7569308e-22
1.7426797e-22
1.7426797e-22
1.7426797e-22
1.7426797e-22
1.7426797e-22
1.806489e-22
4.1599026e-22
4.1991715e-22
1.7426797e-22
1.7426797e-22
1.8264101e-22
1.7426797e-22
1.7426797e-22
1.7426797e-22
1.7426797e-22
1.7426797e-22
1.7426797e-22
1.7426797e-22
1.7426797e-22
1.9787038e-22
1.7426797e-22
1.7426797e-22
1.7426797e-22
2.6268323e-22
1.7426797e-22
1.7426797e-22
1.9467343e-22
2.208254e-22
1.7426797e-22
2.178626e-22
1.7426797e-22
2.4742596e-22
1.7426797e-22
1.7426797e-22
1.8457133e-22
2.7916757e-22
2.847247e-22
7.7848646e-22
1.7426797e-22
1.7426797e-22
1.7426797e-22
1.8381667e-22
1.7426797e-22
