3.620576e-14
5.2871925e-14
3.7511488e-14
3.620576e-14
3.620576e-14
3.620576e-14
3.620576e-14
4.1669945e-14
3.620576e-14
8.7913936e-14
3.620576e-14
4.1695546e-14
3.620576e-14
5.207289e-14
3.620576e-14
3.620576e-14
6.700756e-14
1.02759855e-13
3.620576e-14
3.620576e-14
3.620576e-14
3.620576e-14
8.427408e-14
3.620576e-14
3.6349192e-14
3.620576e-14
3.620576e-14
3.620576e-14
3.620576e-14
3.620576e-14
3.620576e-14
3.620576e-14
3.7653267e-14
3.620576e-14
3.620576e-14
3.620576e-14
3.620576e-14
3.620576e-14
4.6316968e-14
4.3700724e-14
3.620576e-14
3.620576e-14
6.934921e-14
4.5866678e-14
4.1512797e-14
3.8017126e-14
3.620576e-14
3.620576e-14
3.620576e-14
3.620576e-14
3.620576e-14
1.4228123e-13
3.7411453e-14
4.6702588e-14
3.620576e-14
3.620576e-14
4.9472775e-14
3.620576e-14
3.620576e-14
3.620576e-14
3.620576e-14
3.620576e-14
3.808702e-14
3.620576e-14
3.620576e-14
3.620576e-14
3.620576e-14
3.620576e-14
3.620576e-14
3.620576e-14
3.620576e-14
7.764996e-14
3.620576e-14
3.620576e-14
3.620576e-14
3.620576e-14
3.620576e-14
3.620576e-14
3.620576e-14
3.620576e-14
3.620576e-14
3.620576e-14
3.808666e-14
3.620576e-14
5.1416374e-14
3.620576e-14
3.620576e-14
3.620576e-14
6.159441e-14
3.620576e-14
3.620576e-14
3.620576e-14
3.620576e-14
3.620576e-14
3.7259346e-14
8.486931e-14
3.620576e-14
3.620576e-14
3.952447e-14
3.620576e-14
3.620576e-14
4.6169933e-14
3.620576e-14
3.620576e-14
3.620576e-14
6.782626e-14
3.620576e-14
4.3595827e-14
4.124871e-14
3.620576e-14
3.7911694e-14
3.620576e-14
3.620576e-14
2.201943e-13
3.620576e-14
6.398993e-14
3.7029163e-14
3.620576e-14
3.620576e-14
3.620576e-14
3.620576e-14
1.0225406e-13
3.620576e-14
3.620576e-14
3.620576e-14
3.620576e-14
3.620576e-14
3.620576e-14
3.620576e-14
7.600789e-14
3.620576e-14
1.0412621e-12
3.620576e-14
5.6814037e-14
3.780317e-14
7.178982e-14
3.6949654e-14
3.620576e-14
3.620576e-14
3.620576e-14
3.620576e-14
3.620576e-14
3.620576e-14
3.620576e-14
3.620576e-14
3.620576e-14
3.652252e-14
3.620576e-14
0.49966645
3.620576e-14
3.620576e-14
3.620576e-14
3.620576e-14
4.7375383e-14
3.620576e-14
7.4749336e-14
3.620576e-14
3.620576e-14
3.620576e-14
4.647599e-14
3.620576e-14
4.297941e-14
3.620576e-14
3.620576e-14
3.620576e-14
3.620576e-14
3.9241285e-14
3.620576e-14
8.537863e-14
3.620576e-14
3.620576e-14
3.620576e-14
3.620576e-14
3.620576e-14
3.620576e-14
3.620576e-14
3.620576e-14
3.620576e-14
3.620576e-14
3.620576e-14
8.0457844e-14
5.7298526e-14
3.620576e-14
3.620576e-14
3.620576e-14
3.620576e-14
3.620576e-14
3.620576e-14
5.6216008e-14
3.620576e-14
9.262019e-14
3.620576e-14
1.3728016e-13
3.620576e-14
3.620576e-14
3.620576e-14
4.068852e-14
3.620576e-14
3.620576e-14
3.620576e-14
3.620576e-14
3.620576e-14
3.620576e-14
3.620576e-14
3.620576e-14
3.620576e-14
3.620576e-14
1.02433056e-13
1.1764342e-13
3.620576e-14
2.344054e-13
3.620576e-14
5.05143e-14
3.620576e-14
3.6441383e-14
3.620576e-14
4.0762783e-14
3.620576e-14
4.349259e-14
3.620576e-14
3.620576e-14
3.620576e-14
3.620576e-14
3.620576e-14
3.620576e-14
3.620576e-14
4.0562832e-14
3.620576e-14
3.3673165e-13
4.8117773e-14
3.620576e-14
3.620576e-14
5.1164663e-14
0.49966645
4.0878474e-14
3.620576e-14
4.0492027e-14
4.004701e-14
3.620576e-14
3.620576e-14
3.620576e-14
3.620576e-14
3.620576e-14
3.620576e-14
3.620576e-14
3.620576e-14
3.620576e-14
3.620576e-14
4.263014e-14
7.05295e-14
3.620576e-14
3.620576e-14
3.620576e-14
3.620576e-14
3.620576e-14
3.620576e-14
3.620576e-14
3.620576e-14
5.5230038e-14
4.8902644e-14
3.620576e-14
1.2810204e-13
3.620576e-14
6.1764524e-14
3.620576e-14
3.620576e-14
3.620576e-14
3.70493e-14
3.620576e-14
3.620576e-14
3.620576e-14
3.620576e-14
1.5005953e-13
3.620576e-14
3.620576e-14
3.620576e-14
3.620576e-14
6.153523e-14
3.620576e-14
3.620576e-14
3.620576e-14
4.3608468e-14
4.762789e-14
3.620576e-14
3.6743378e-14
3.620576e-14
3.620576e-14
1.1013847e-13
3.620576e-14
3.620576e-14
3.620576e-14
3.620576e-14
4.7948004e-14
3.620576e-14
3.620576e-14
3.620576e-14
0.49966645
3.728749e-14
3.620576e-14
5.758975e-14
3.620576e-14
3.9577503e-14
3.620576e-14
3.620576e-14
3.9083374e-14
5.503991e-14
3.620576e-14
3.620576e-14
3.620576e-14
3.620576e-14
3.620576e-14
3.620576e-14
3.620576e-14
3.620576e-14
3.620576e-14
3.620576e-14
5.607294e-14
3.620576e-14
3.620576e-14
3.620576e-14
3.620576e-14
3.9824663e-14
3.620576e-14
3.620576e-14
3.6500442e-14
3.620576e-14
9.4288394e-14
3.620576e-14
3.620576e-14
3.620576e-14
3.620576e-14
3.620576e-14
9.3727706e-14
3.620576e-14
3.620576e-14
3.620576e-14
3.6591894e-14
4.270721e-14
3.620576e-14
3.9249142e-14
3.620576e-14
5.81872e-14
3.620576e-14
3.620576e-14
1.5767192e-13
4.39759e-14
3.620576e-14
6.005029e-14
4.2275408e-14
3.620576e-14
4.0665167e-14
3.620576e-14
3.620576e-14
4.2808825e-14
3.620576e-14
6.406308e-14
7.42636e-14
3.620576e-14
3.620576e-14
6.607939e-14
4.5028807e-14
3.620576e-14
7.3507125e-14
3.620576e-14
3.620576e-14
4.2365325e-14
3.620576e-14
6.121821e-14
3.620576e-14
3.620576e-14
4.9131706e-14
1.2309046e-13
3.620576e-14
3.620576e-14
3.670962e-14
4.1564696e-14
3.620576e-14
5.862735e-14
3.620576e-14
3.620576e-14
3.620576e-14
4.7941055e-14
3.620576e-14
3.620576e-14
1.4403448e-13
3.620576e-14
3.620576e-14
3.620576e-14
3.620576e-14
3.620576e-14
3.620576e-14
4.1560888e-14
3.620576e-14
3.620576e-14
3.620576e-14
3.620576e-14
4.0531204e-14
3.620576e-14
3.620576e-14
3.620576e-14
3.620576e-14
3.620576e-14
3.620576e-14
3.620576e-14
3.620576e-14
3.697757e-14
3.620576e-14
3.758296e-14
3.620576e-14
3.620576e-14
3.620576e-14
3.620576e-14
3.620576e-14
3.8774417e-14
3.620576e-14
3.620576e-14
3.7348e-14
0.49966645
3.620576e-14
3.620576e-14
5.5168554e-14
3.620576e-14
3.620576e-14
3.620576e-14
5.6590708e-14
7.6959916e-14
3.620576e-14
3.620576e-14
3.620576e-14
4.1832e-14
4.6370886e-14
3.620576e-14
8.5555505e-14
3.620576e-14
6.342938e-14
3.620576e-14
4.3882476e-14
3.620576e-14
4.4288107e-14
3.620576e-14
7.1916045e-14
3.620576e-14
3.620576e-14
3.620576e-14
3.620576e-14
6.421037e-14
3.6527815e-14
5.933484e-14
3.620576e-14
3.6025024e-13
5.2077456e-14
4.3140303e-14
3.620576e-14
3.620576e-14
4.0332087e-14
5.1655827e-14
1.4875975e-13
3.620576e-14
3.620576e-14
8.788326e-14
3.620576e-14
3.620576e-14
6.1221475e-14
6.588319e-14
3.620576e-14
3.620576e-14
4.1040742e-14
3.620576e-14
5.3606296e-14
3.620576e-14
3.620576e-14
5.6034445e-14
3.620576e-14
3.620576e-14
3.620576e-14
5.1301662e-14
3.620576e-14
3.620576e-14
3.620576e-14
3.620576e-14
3.7745526e-14
3.620576e-14
8.329767e-14
3.7815284e-14
3.620576e-14
3.620576e-14
3.620576e-14
3.638325e-14
3.620576e-14
3.620576e-14
3.7489668e-14
7.491577e-14
3.620576e-14
3.620576e-14
3.620576e-14
0.49966645
3.620576e-14
3.9791487e-14
5.0181362e-14
4.618676e-14
3.620576e-14
3.620576e-14
3.620576e-14
3.620576e-14
3.620576e-14
6.430904e-14
3.620576e-14
3.620576e-14
4.5594452e-14
3.620576e-14
3.620576e-14
3.8313692e-14
3.620576e-14
4.8468716e-14
0.49966645
3.620576e-14
3.620576e-14
3.620576e-14
3.680721e-14
3.620576e-14
3.620576e-14
3.620576e-14
1.2074998e-13
3.620576e-14
3.620576e-14
3.620576e-14
6.568745e-14
3.620576e-14
3.620576e-14
7.5892444e-14
3.620576e-14
3.74768e-14
3.620576e-14
3.620576e-14
3.620576e-14
3.620576e-14
3.620576e-14
3.620576e-14
4.4161577e-14
4.2885326e-14
3.7128246e-14
3.9373683e-14
3.620576e-14
3.620576e-14
3.620576e-14
4.385771e-14
4.1856347e-14
3.707722e-14
3.620576e-14
3.620576e-14
3.620576e-14
4.845124e-14
8.744935e-14
7.556082e-14
3.620576e-14
5.034828e-14
3.620576e-14
5.0146248e-14
3.620576e-14
3.620576e-14
3.620576e-14
3.620576e-14
3.620576e-14
1.1421677e-13
4.160919e-14
3.620576e-14
3.620576e-14
5.6171102e-14
3.620576e-14
4.2312514e-14
3.620576e-14
3.620576e-14
3.758733e-14
3.620576e-14
3.620576e-14
3.620576e-14
3.620576e-14
3.620576e-14
3.620576e-14
5.1921246e-14
6.5593425e-14
6.0977685e-14
4.6462342e-14
3.620576e-14
3.620576e-14
3.620576e-14
3.620576e-14
3.620576e-14
3.620576e-14
3.620576e-14
3.620576e-14
3.7604038e-14
3.971763e-14
3.620576e-14
0.49966645
3.8567673e-14
3.620576e-14
3.620576e-14
3.620576e-14
3.620576e-14
3.620576e-14
3.620576e-14
3.620576e-14
3.620576e-14
3.620576e-14
3.620576e-14
3.620576e-14
3.620576e-14
5.5857737e-14
3.620576e-14
3.620576e-14
4.616016e-14
3.620576e-14
3.620576e-14
3.620576e-14
3.620576e-14
5.2731443e-14
3.620576e-14
3.620576e-14
3.620576e-14
3.620576e-14
3.620576e-14
3.8121616e-14
3.8075107e-14
3.620576e-14
3.620576e-14
3.953729e-14
4.0632523e-14
3.620576e-14
3.620576e-14
3.620576e-14
4.1826097e-14
4.8768423e-14
6.120934e-14
3.620576e-14
5.5627767e-14
3.620576e-14
3.620576e-14
3.620576e-14
4.0464776e-14
1.4038965e-13
3.620576e-14
3.620576e-14
3.620576e-14
3.620576e-14
3.620576e-14
3.620576e-14
3.620576e-14
3.620576e-14
3.620576e-14
4.1735566e-14
3.620576e-14
5.439297e-14
3.620576e-14
3.620576e-14
3.620576e-14
4.1635786e-14
3.620576e-14
3.620576e-14
3.620576e-14
3.620576e-14
3.620576e-14
1.4147373e-13
3.620576e-14
3.620576e-14
3.620576e-14
3.620576e-14
3.620576e-14
3.620576e-14
3.8018288e-14
3.665043e-14
3.620576e-14
3.620576e-14
3.620576e-14
3.620576e-14
3.620576e-14
3.620576e-14
3.620576e-14
7.788046e-14
3.620576e-14
3.620576e-14
3.620576e-14
4.4867633e-14
3.620576e-14
4.591368e-14
3.620576e-14
5.23767e-14
2.754737e-13
3.620576e-14
3.620576e-14
4.22165e-14
3.620576e-14
3.9721566e-14
3.620576e-14
3.620576e-14
3.620576e-14
3.620576e-14
1.9651727e-13
3.620576e-14
3.620576e-14
3.620576e-14
3.620576e-14
3.620576e-14
3.620576e-14
3.620576e-14
5.2362316e-14
3.620576e-14
3.620576e-14
3.620576e-14
3.620576e-14
3.620576e-14
3.620576e-14
3.620576e-14
3.620576e-14
3.832867e-14
3.620576e-14
3.620576e-14
9.108604e-14
1.0853397e-13
3.620576e-14
3.620576e-14
3.620576e-14
4.0551384e-14
3.620576e-14
3.6271486e-14
3.620576e-14
3.620576e-14
3.620576e-14
3.620576e-14
0.49966645
8.1093064e-14
3.620576e-14
3.620576e-14
4.3550284e-14
3.620576e-14
3.620576e-14
3.620576e-14
3.620576e-14
3.620576e-14
6.713331e-14
6.24647e-14
6.391491e-14
3.620576e-14
3.620576e-14
7.939213e-14
4.2505753e-14
3.620576e-14
3.620576e-14
3.620576e-14
3.620576e-14
3.620576e-14
4.5014207e-14
3.620576e-14
3.620576e-14
3.620576e-14
1.02909116e-13
4.4650532e-14
6.567354e-14
6.764113e-14
0.49966645
4.3150098e-14
3.620576e-14
3.714617e-14
3.620576e-14
3.620576e-14
3.620576e-14
4.717521e-14
4.061509e-14
3.620576e-14
3.671032e-14
3.620576e-14
3.6466832e-14
3.620576e-14
3.620576e-14
3.620576e-14
3.620576e-14
3.620576e-14
3.012013e-13
3.620576e-14
2.0250728e-13
3.620576e-14
3.620576e-14
3.620576e-14
3.620576e-14
4.5479286e-14
5.968956e-14
3.620576e-14
7.3059695e-14
4.1494115e-14
3.620576e-14
6.004881e-14
4.4195787e-14
7.651555e-14
3.620576e-14
5.5427176e-14
3.620576e-14
3.620576e-14
3.620576e-14
3.620576e-14
3.620576e-14
0.49966645
3.620576e-14
3.620576e-14
3.620576e-14
3.620576e-14
7.2662376e-14
9.512913e-13
4.969682e-14
0.49966645
3.620576e-14
3.620576e-14
3.620576e-14
3.620576e-14
5.4324536e-14
7.1333666e-14
3.620576e-14
3.620576e-14
4.2853108e-14
4.0509564e-14
3.8508496e-14
1.0564453e-13
3.620576e-14
5.4762723e-14
3.620576e-14
3.620576e-14
6.6515146e-14
3.620576e-14
8.662528e-14
3.69926e-14
3.620576e-14
3.620576e-14
3.620576e-14
3.620576e-14
3.620576e-14
3.620576e-14
4.1529585e-14
4.4425587e-14
3.620576e-14
3.620576e-14
4.3783153e-14
3.620576e-14
4.5406302e-14
6.6372194e-14
3.620576e-14
8.001786e-14
3.620576e-14
3.620576e-14
1.0194909e-13
3.620576e-14
3.620576e-14
3.620576e-14
4.2557348e-14
1.0198119e-13
3.620576e-14
3.8719655e-14
3.620576e-14
3.620576e-14
3.620576e-14
3.620576e-14
3.620576e-14
3.620576e-14
4.5332143e-14
1.7435588e-13
3.620576e-14
3.620576e-14
3.620576e-14
3.620576e-14
3.620576e-14
3.620576e-14
3.620576e-14
3.620576e-14
3.620576e-14
3.620576e-14
3.620576e-14
4.1096748e-14
3.620576e-14
3.620576e-14
3.620576e-14
3.620576e-14
3.620576e-14
3.620576e-14
3.620576e-14
3.620576e-14
3.620576e-14
4.6674893e-14
3.620576e-14
7.10374e-14
3.620576e-14
3.620576e-14
4.0123257e-13
3.845213e-14
3.620576e-14
3.620576e-14
6.0791995e-14
3.620576e-14
3.620576e-14
3.620576e-14
6.340978e-14
3.620576e-14
4.7479232e-14
9.500218e-14
3.620576e-14
3.620576e-14
3.620576e-14
3.620576e-14
3.770552e-14
6.606881e-14
7.5967464e-14
3.620576e-14
3.620576e-14
4.00325e-14
3.620576e-14
3.620576e-14
3.620576e-14
4.3455606e-14
3.620576e-14
3.620576e-14
4.3245677e-14
3.620576e-14
4.326052e-14
3.620576e-14
3.620576e-14
8.723029e-14
1.07199765e-13
3.620576e-14
3.620576e-14
3.620576e-14
1.6843962e-13
4.2590968e-14
3.620576e-14
3.7625342e-14
3.620576e-14
3.620576e-14
3.6551857e-14
3.620576e-14
3.6350165e-14
3.620576e-14
3.620576e-14
0.49966645
4.5966604e-14
5.007829e-14
3.620576e-14
3.620576e-14
3.620576e-14
3.620576e-14
3.620576e-14
6.518136e-14
3.620576e-14
3.620576e-14
3.620576e-14
3.620576e-14
3.620576e-14
3.620576e-14
3.620576e-14
3.620576e-14
6.832173e-14
3.620576e-14
3.620576e-14
3.620576e-14
3.620576e-14
7.309636e-14
3.620576e-14
3.620576e-14
1.529725e-13
3.891467e-14
3.620576e-14
3.620576e-14
5.2266026e-14
3.766067e-14
4.552241e-14
3.620576e-14
3.620576e-14
4.0822844e-14
3.620576e-14
5.206603e-14
3.620576e-14
4.832637e-14
3.620576e-14
3.620576e-14
9.2005356e-14
4.3684887e-14
3.620576e-14
4.4960065e-14
6.4038774e-14
3.7214172e-14
3.620576e-14
3.7984583e-14
3.620576e-14
3.620576e-14
3.620576e-14
4.022346e-14
3.620576e-14
6.432093e-14
4.175301e-14
3.620576e-14
3.620576e-14
3.620576e-14
3.620576e-14
3.620576e-14
3.620576e-14
3.620576e-14
2.0183439e-13
7.604038e-14
3.620576e-14
5.2458275e-14
3.620576e-14
3.620576e-14
4.5475034e-14
3.620576e-14
4.670321e-14
3.620576e-14
3.7439005e-14
3.620576e-14
3.620576e-14
4.612645e-14
3.620576e-14
3.620576e-14
3.620576e-14
3.620576e-14
3.620576e-14
3.620576e-14
1.2365216e-13
3.620576e-14
3.620576e-14
3.620576e-14
4.1465315e-14
3.620576e-14
3.620576e-14
3.620576e-14
3.620576e-14
3.620576e-14
3.620576e-14
3.620576e-14
3.620576e-14
3.620576e-14
3.620576e-14
4.4799566e-14
3.620576e-14
3.620576e-14
4.3413776e-14
3.620576e-14
4.3270512e-14
3.620576e-14
5.7129276e-14
3.620576e-14
3.620576e-14
5.880823e-14
8.159062e-14
3.620576e-14
4.5356876e-14
3.620576e-14
6.666069e-14
5.706339e-14
3.620576e-14
3.620576e-14
3.620576e-14
6.050292e-14
3.620576e-14
3.620576e-14
3.620576e-14
3.620576e-14
3.620576e-14
5.2585303e-14
3.620576e-14
3.680293e-14
3.620576e-14
3.620576e-14
3.620576e-14
3.620576e-14
3.620576e-14
3.620576e-14
3.620576e-14
1.1629148e-13
3.620576e-14
4.7577685e-14
3.620576e-14
3.9826564e-14
3.620576e-14
3.906556e-14
3.620576e-14
3.620576e-14
3.620576e-14
3.620576e-14
3.620576e-14
3.620576e-14
3.620576e-14
5.080941e-14
3.620576e-14
2.5016613e-13
2.5737282e-13
3.620576e-14
3.620576e-14
5.5691783e-14
3.620576e-14
3.620576e-14
3.620576e-14
3.620576e-14
1.9675017e-13
3.620576e-14
3.620576e-14
3.620576e-14
2.8609022e-13
3.620576e-14
3.620576e-14
3.620576e-14
3.620576e-14
3.620576e-14
4.8590157e-14
5.4866227e-14
0.49966645
3.620576e-14
3.620576e-14
0.49966645
3.620576e-14
3.620576e-14
3.620576e-14
4.192778e-14
4.7483403e-14
3.620576e-14
3.620576e-14
3.620576e-14
3.620576e-14
3.620576e-14
4.613094e-14
3.620576e-14
1.2247432e-13
3.620576e-14
0.49966645
3.620576e-14
3.620576e-14
3.620576e-14
3.620576e-14
4.71717e-14
4.9859558e-14
4.7830087e-14
3.620576e-14
3.620576e-14
1.7268615e-13
3.620576e-14
3.620576e-14
5.0589507e-14
3.7633745e-14
4.1558665e-14
4.9007507e-14
5.794012e-14
4.636284e-14
3.620576e-14
3.620576e-14
4.9215365e-14
5.1063364e-14
3.620576e-14
3.620576e-14
3.620576e-14
3.620576e-14
3.620576e-14
0.49966645
3.620576e-14
4.4036e-14
3.620576e-14
3.620576e-14
3.620576e-14
3.620576e-14
3.620576e-14
3.620576e-14
4.3201977e-14
3.9354015e-14
3.620576e-14
4.4897422e-14
3.9887073e-14
4.5726484e-14
3.7254515e-14
3.620576e-14
3.620576e-14
3.620576e-14
3.620576e-14
3.620576e-14
3.620576e-14
3.620576e-14
3.620576e-14
3.620576e-14
3.620576e-14
7.137149e-14
3.620576e-14
3.620576e-14
3.620576e-14
3.620576e-14
3.676722e-14
3.620576e-14
3.620576e-14
4.7898917e-14
3.689015e-14
5.643398e-14
3.7065057e-14
3.620576e-14
3.620576e-14
3.620576e-14
3.620576e-14
3.620576e-14
3.620576e-14
6.828343e-14
3.620576e-14
3.620576e-14
3.620576e-14
3.620576e-14
3.620576e-14
3.620576e-14
4.3431665e-14
3.620576e-14
3.620576e-14
3.620576e-14
3.620576e-14
3.620576e-14
3.620576e-14
2.4217306e-13
3.620576e-14
3.620576e-14
3.620576e-14
3.620576e-14
4.603548e-14
3.9014998e-14
6.459559e-14
4.0230745e-14
3.620576e-14
3.620576e-14
3.620576e-14
3.620576e-14
3.620576e-14
3.620576e-14
4.159864e-14
5.05382e-14
3.620576e-14
4.127074e-14
3.9717477e-14
5.5044948e-14
4.1313822e-14
3.620576e-14
3.620576e-14
3.620576e-14
3.620576e-14
6.7005543e-13
9.167796e-14
3.620576e-14
3.620576e-14
3.620576e-14
3.620576e-14
3.620576e-14
4.165803e-14
3.620576e-14
3.620576e-14
4.74959e-14
3.620576e-14
3.684451e-14
3.9228183e-14
3.620576e-14
3.620576e-14
5.8705346e-14
3.620576e-14
3.620576e-14
5.0748197e-14
3.620576e-14
3.620576e-14
3.620576e-14
6.770115e-14
3.7700346e-14
3.620576e-14
3.620576e-14
4.0182206e-14
3.620576e-14
3.620576e-14
3.620576e-14
4.2158165e-14
3.620576e-14
3.620576e-14
3.362997e-13
3.620576e-14
3.620576e-14
3.8668067e-14
4.0539783e-14
4.2453982e-14
3.9635067e-14
3.620576e-14
4.9559566e-14
3.620576e-14
3.620576e-14
3.620576e-14
3.620576e-14
3.620576e-14
4.617372e-14
3.620576e-14
3.7296673e-14
3.620576e-14
3.620576e-14
3.620576e-14
7.056812e-14
4.5200907e-14
3.620576e-14
3.620576e-14
3.9549283e-14
5.6577434e-14
3.620576e-14
3.620576e-14
3.620576e-14
4.7770276e-14
0.49966645
3.620576e-14
4.6549804e-14
3.620576e-14
3.620576e-14
3.620576e-14
3.620576e-14
4.7750778e-14
3.620576e-14
3.620576e-14
3.620576e-14
4.693208e-14
3.6914993e-14
4.7620443e-14
3.620576e-14
3.620576e-14
3.620576e-14
4.6422125e-14
3.620576e-14
3.620576e-14
3.620576e-14
3.620576e-14
3.620576e-14
3.620576e-14
6.5648245e-14
3.620576e-14
3.620576e-14
9.3418586e-14
3.620576e-14
3.620576e-14
9.717776e-14
3.620576e-14
5.371482e-13
3.620576e-14
3.620576e-14
5.775586e-14
3.620576e-14
3.620576e-14
3.620576e-14
9.1004596e-14
3.620576e-14
4.3042088e-14
3.620576e-14
3.620576e-14
3.620576e-14
3.620576e-14
5.2458783e-14
4.6802643e-14
4.0579085e-14
4.107097e-14
3.620576e-14
5.4555888e-14
9.4781184e-14
3.620576e-14
3.620576e-14
4.050941e-14
3.620576e-14
3.9188027e-14
3.620576e-14
5.253989e-14
3.620576e-14
3.620576e-14
3.620576e-14
0.49966645
3.620576e-14
3.9503892e-14
3.620576e-14
3.620576e-14
4.316453e-13
3.620576e-14
3.620576e-14
3.620576e-14
3.620576e-14
4.6025473e-14
3.620576e-14
3.78005e-14
3.620576e-14
4.1146635e-14
3.620576e-14
4.1337786e-14
3.620576e-14
3.620576e-14
3.620576e-14
3.620576e-14
3.620576e-14
3.620576e-14
3.620576e-14
3.620576e-14
3.620576e-14
4.4373166e-14
3.620576e-14
3.620576e-14
3.620576e-14
3.620576e-14
3.620576e-14
3.620576e-14
3.620576e-14
3.620576e-14
5.1246408e-14
3.8538766e-14
5.635976e-14
8.708035e-14
3.620576e-14
3.620576e-14
3.620576e-14
3.620576e-14
9.367784e-14
3.620576e-14
3.620576e-14
3.620576e-14
3.620576e-14
4.4700805e-14
1.8422114e-13
3.620576e-14
4.1228648e-14
4.526924e-14
4.867382e-14
3.620576e-14
4.6538616e-14
3.620576e-14
7.004567e-14
3.620576e-14
0.49966645
4.443008e-14
3.620576e-14
3.620576e-14
3.620576e-14
3.620576e-14
3.620576e-14
3.620576e-14
3.620576e-14
4.9787902e-14
5.9568886e-14
3.6297927e-14
6.440208e-14
3.620576e-14
3.620576e-14
3.620576e-14
7.334886e-14
3.620576e-14
3.8863562e-14
3.620576e-14
4.792478e-14
3.620576e-14
3.620576e-14
3.620576e-14
4.6386363e-14
3.620576e-14
3.620576e-14
4.7525623e-14
3.627516e-14
1.11617773e-13
3.620576e-14
3.620576e-14
3.620576e-14
4.1549236e-14
3.620576e-14
3.620576e-14
3.620576e-14
3.9268007e-14
3.620576e-14
4.0706062e-14
3.620576e-14
3.620576e-14
4.102462e-14
7.9912016e-14
3.620576e-14
3.620576e-14
4.3800108e-14
3.620576e-14
3.620576e-14
3.620576e-14
4.254996e-14
4.6132172e-14
3.620576e-14
3.620576e-14
3.620576e-14
3.620576e-14
3.620576e-14
3.620576e-14
3.620576e-14
4.7480683e-14
3.620576e-14
3.620576e-14
3.620576e-14
3.620576e-14
4.0788753e-14
5.5659284e-14
3.620576e-14
3.620576e-14
3.620576e-14
3.620576e-14
3.620576e-14
4.2010466e-14
3.620576e-14
3.919924e-14
3.8591658e-14
3.620576e-14
3.620576e-14
3.620576e-14
3.6917738e-14
3.794396e-14
3.620576e-14
1.2777065e-13
3.620576e-14
3.620576e-14
1.0862945e-13
5.8364934e-14
3.620576e-14
3.620576e-14
0.49966645
6.3315753e-14
4.554361e-14
4.4128994e-14
3.620576e-14
3.620576e-14
3.620576e-14
4.6589153e-14
3.620576e-14
3.620576e-14
3.620576e-14
3.620576e-14
4.2117094e-14
1.8147303e-13
3.620576e-14
3.620576e-14
4.6134103e-14
3.620576e-14
3.620576e-14
3.620576e-14
3.620576e-14
3.620576e-14
3.895083e-14
3.620576e-14
3.620576e-14
3.620576e-14
4.46021e-14
9.051004e-14
3.620576e-14
6.9670195e-14
3.620576e-14
3.620576e-14
4.3593333e-14
3.620576e-14
3.620576e-14
3.620576e-14
3.620576e-14
4.4902474e-14
3.620576e-14
3.714737e-14
3.620576e-14
3.620576e-14
3.620576e-14
3.620576e-14
3.620576e-14
4.2473583e-14
3.620576e-14
5.7696733e-14
3.620576e-14
3.620576e-14
3.620576e-14
3.620576e-14
3.620576e-14
3.620576e-14
3.620576e-14
3.620576e-14
9.543623e-14
3.620576e-14
3.620576e-14
3.620576e-14
3.620576e-14
3.620576e-14
3.620576e-14
5.9278056e-14
3.620576e-14
3.620576e-14
3.7589696e-14
4.8423342e-14
3.620576e-14
3.620576e-14
5.5596583e-14
4.178408e-14
3.620576e-14
5.4590962e-14
6.263722e-14
3.620576e-14
3.620576e-14
3.620576e-14
3.620576e-14
4.65641e-14
4.171265e-14
5.847391e-14
3.620576e-14
4.141876e-14
3.620576e-14
3.620576e-14
4.2025214e-14
3.620576e-14
3.620576e-14
3.620576e-14
3.620576e-14
3.620576e-14
3.620576e-14
3.620576e-14
3.620576e-14
3.620576e-14
3.620576e-14
3.620576e-14
1.206961e-13
4.4187025e-14
4.282704e-14
3.620576e-14
3.620576e-14
3.620576e-14
3.620576e-14
4.9934462e-14
4.301886e-14
3.620576e-14
3.620576e-14
3.620576e-14
3.620576e-14
3.620576e-14
3.620576e-14
3.620576e-14
3.620576e-14
3.620576e-14
3.620576e-14
3.620576e-14
3.620576e-14
3.620576e-14
3.620576e-14
3.6577102e-14
3.620576e-14
4.3464977e-14
3.620576e-14
3.620576e-14
3.620576e-14
3.620576e-14
3.620576e-14
4.42675e-14
3.620576e-14
4.61547e-14
1.0838813e-13
3.779127e-14
3.620576e-14
1.0428078e-13
1.3544291e-13
3.887617e-14
3.759522e-14
3.620576e-14
3.620576e-14
3.620576e-14
3.620576e-14
3.620576e-14
3.620576e-14
3.9678103e-14
0.49966645
3.620576e-14
3.620576e-14
1.04569795e-13
3.620576e-14
3.620576e-14
4.2264762e-14
6.1574904e-14
3.620576e-14
3.620576e-14
3.620576e-14
3.620576e-14
3.620576e-14
7.333306e-14
3.620576e-14
3.9599478e-14
3.620576e-14
3.620576e-14
5.2798572e-14
3.620576e-14
3.620576e-14
3.620576e-14
3.620576e-14
3.9555693e-14
5.027161e-14
4.0954646e-14
4.5847522e-14
4.228968e-14
3.620576e-14
4.75492e-14
4.522488e-14
3.620576e-14
3.620576e-14
0.49966645
3.620576e-14
3.620576e-14
3.620576e-14
3.620576e-14
3.620576e-14
3.727932e-14
3.620576e-14
3.620576e-14
8.6905465e-14
3.620576e-14
3.620576e-14
4.152658e-14
3.620576e-14
3.620576e-14
3.620576e-14
3.620576e-14
3.620576e-14
4.5978266e-14
3.620576e-14
3.620576e-14
3.699831e-14
3.620576e-14
3.620576e-14
7.158254e-14
4.8986765e-14
3.620576e-14
3.620576e-14
3.620576e-14
3.620576e-14
3.620576e-14
3.9821245e-14
3.620576e-14
9.4287134e-14
3.620576e-14
3.620576e-14
3.620576e-14
3.620576e-14
3.620576e-14
3.620576e-14
4.2850492e-14
5.3521498e-14
3.620576e-14
3.620576e-14
3.620576e-14
3.620576e-14
3.620576e-14
3.620576e-14
3.620576e-14
3.620576e-14
5.468434e-14
3.620576e-14
4.341319e-14
3.620576e-14
0.5
3.620576e-14
3.620576e-14
3.755444e-14
3.620576e-14
3.620576e-14
3.620576e-14
6.474472e-14
4.1513508e-14
3.620576e-14
3.620576e-14
3.620576e-14
3.929528e-14
3.620576e-14
9.4808845e-14
3.620576e-14
3.620576e-14
3.620576e-14
3.620576e-14
3.620576e-14
3.620576e-14
3.620576e-14
7.834964e-14
3.620576e-14
8.431621e-14
3.620576e-14
3.620576e-14
7.575e-14
6.726225e-14
3.620576e-14
5.5013672e-14
7.961292e-14
3.620576e-14
3.620576e-14
4.457616e-14
3.620576e-14
3.620576e-14
7.9071596e-14
3.620576e-14
3.620576e-14
7.9765215e-14
3.620576e-14
3.620576e-14
3.661354e-14
3.620576e-14
3.620576e-14
3.620576e-14
3.620576e-14
3.620576e-14
3.620576e-14
3.620576e-14
6.367691e-14
3.8441276e-14
4.1698565e-14
3.620576e-14
3.620576e-14
3.620576e-14
3.620576e-14
4.0040362e-14
3.620576e-14
3.620576e-14
9.054285e-14
7.0031905e-14
5.735976e-14
3.7808075e-14
3.620576e-14
3.620576e-14
3.620576e-14
3.620576e-14
3.7898683e-14
3.620576e-14
3.620576e-14
3.620576e-14
5.310722e-14
3.620576e-14
3.620576e-14
3.977828e-14
3.620576e-14
3.620576e-14
3.620576e-14
3.620576e-14
3.620576e-14
3.620576e-14
3.620576e-14
3.620576e-14
9.4077496e-14
3.620576e-14
3.620576e-14
3.620576e-14
0.49966645
3.2166725e-13
3.620576e-14
3.620576e-14
3.620576e-14
3.620576e-14
3.620576e-14
3.620576e-14
3.620576e-14
3.620576e-14
3.6877768e-14
4.1692053e-14
3.620576e-14
3.620576e-14
1.0867959e-13
1.715827e-13
0.49966645
3.7181185e-14
4.2433742e-14
1.9620538e-12
3.620576e-14
3.620576e-14
3.620576e-14
3.620576e-14
3.620576e-14
3.620576e-14
3.620576e-14
3.620576e-14
4.219726e-14
3.620576e-14
3.620576e-14
3.620576e-14
3.620576e-14
3.620576e-14
3.9341326e-14
4.1562548e-14
3.620576e-14
3.620576e-14
3.620576e-14
3.620576e-14
4.372799e-14
6.064873e-14
0.49966645
3.620576e-14
3.620576e-14
3.8207803e-14
3.620576e-14
3.620576e-14
3.620576e-14
3.620576e-14
3.620576e-14
3.620576e-14
3.918272e-14
3.620576e-14
6.686545e-14
4.140162e-14
4.8923637e-14
3.620576e-14
3.620576e-14
3.620576e-14
4.0675017e-14
4.7033436e-14
0.49966645
3.620576e-14
3.620576e-14
3.620576e-14
3.620576e-14
3.620576e-14
3.620576e-14
3.620576e-14
3.620576e-14
6.644553e-14
3.620576e-14
3.620576e-14
4.834324e-14
3.620576e-14
3.7546202e-14
3.620576e-14
3.620576e-14
3.620576e-14
6.112068e-14
3.620576e-14
3.620576e-14
1.2990708e-13
5.2351122e-14
1.691805e-13
3.620576e-14
3.620576e-14
3.620576e-14
3.620576e-14
3.1417387e-13
4.2778057e-14
9.721502e-14
4.245479e-14
2.3329437e-13
3.620576e-14
3.620576e-14
4.0348628e-14
3.620576e-14
4.218286e-14
3.620576e-14
3.620576e-14
4.7484843e-14
0.49966645
3.620576e-14
3.8688057e-14
4.266333e-14
4.0265138e-14
3.6931402e-14
3.620576e-14
5.1740232e-14
3.620576e-14
3.6577315e-14
3.620576e-14
3.620576e-14
3.620576e-14
3.620576e-14
3.620576e-14
5.107914e-14
3.620576e-14
3.620576e-14
3.620576e-14
4.9965992e-14
3.620576e-14
3.620576e-14
1.1751156e-13
4.7597925e-14
3.620576e-14
4.200366e-14
6.779121e-14
3.620576e-14
3.620576e-14
3.620576e-14
3.620576e-14
3.95201e-14
4.716144e-14
3.620576e-14
3.620576e-14
4.2227696e-14
3.620576e-14
3.620576e-14
0.49966645
8.180941e-14
3.620576e-14
3.620576e-14
7.878962e-14
3.620576e-14
3.8916824e-14
3.620576e-14
3.620576e-14
3.8669026e-14
3.620576e-14
3.620576e-14
3.620576e-14
3.620576e-14
3.620576e-14
5.1713e-14
9.1515825e-14
3.620576e-14
3.620576e-14
6.324949e-14
3.620576e-14
4.6133134e-14
3.620576e-14
4.3454945e-14
