2.8705511e-09
2.8705511e-09
2.8705511e-09
3.0056222e-09
5.2377755e-09
4.489902e-09
2.8705511e-09
2.8705511e-09
6.968887e-09
2.8705511e-09
3.63448e-09
2.8705511e-09
2.8705511e-09
2.8705511e-09
1.2752611e-08
3.650118e-09
9.226361e-09
2.381016e-08
2.8705511e-09
8.0042625e-08
2.8705511e-09
1.5894782e-08
3.0189686e-09
2.8705511e-09
1.8551791e-08
2.8705511e-09
2.8705511e-09
1.3798752e-08
7.95447e-09
3.2316054e-09
2.8705511e-09
2.9731735e-09
4.541216e-09
2.8705511e-09
5.1145297e-09
2.8705511e-09
2.986285e-09
3.2369107e-09
3.4046987e-09
2.8705511e-09
2.9331144e-09
2.8705511e-09
2.8705511e-09
2.8705511e-09
1.45553285e-08
2.8705511e-09
2.8705511e-09
4.1908317e-09
2.9926426e-09
6.9731154e-09
2.8705511e-09
3.7679033e-09
3.9435806e-09
2.8705511e-09
1.5928622e-08
2.8705511e-09
1.2943507e-08
1.2276259e-08
2.8705511e-09
3.071088e-09
2.8705511e-09
2.8705511e-09
2.8705511e-09
3.778295e-09
2.8705511e-09
4.097657e-09
2.8705511e-09
5.277255e-09
2.9766858e-09
3.7952472e-09
2.8705511e-09
2.8705511e-09
2.8705511e-09
9.4435535e-09
2.8705511e-09
2.8705511e-09
2.8705511e-09
2.8705511e-09
5.4742313e-09
4.678877e-09
4.0000563e-09
2.8705511e-09
9.5833625e-09
2.8705511e-09
3.059926e-09
2.8705511e-09
2.8705511e-09
2.8705511e-09
2.8705511e-09
5.7116156e-09
2.8705511e-09
3.6225551e-09
2.8705511e-09
2.9509306e-09
2.8746165e-09
2.8705511e-09
2.8705511e-09
4.4738897e-09
4.3808437e-09
3.2142333e-09
2.8705511e-09
2.8705511e-09
2.8705511e-09
7.3555313e-09
2.8705511e-09
4.4336925e-09
3.367216e-09
2.8705511e-09
2.8705511e-09
2.8705511e-09
2.8705511e-09
2.8705511e-09
2.8705511e-09
6.2907515e-09
2.8705511e-09
1.3777214e-08
2.8705511e-09
2.8705511e-09
3.0872211e-09
5.244693e-09
4.1067727e-09
2.8705511e-09
3.0257195e-09
2.8705511e-09
2.8815443e-09
2.8705511e-09
2.8705511e-09
2.8705511e-09
2.8705511e-09
6.3147105e-09
2.8705511e-09
4.559703e-09
9.125013e-09
2.8705511e-09
2.8705511e-09
4.7290305e-09
2.9480727e-09
2.8705511e-09
4.2162394e-09
2.8705511e-09
1.2395314e-08
2.8705511e-09
2.8705511e-09
2.8705511e-09
2.8705511e-09
3.2485754e-09
2.8705511e-09
2.8705511e-09
3.5405292e-09
2.8705511e-09
3.2302192e-09
2.3328395e-08
1.5281898e-08
2.8705511e-09
2.8705511e-09
3.5572418e-09
2.8705511e-09
2.8705511e-09
4.27768e-09
2.8705511e-09
4.595842e-09
2.8705511e-09
2.8705511e-09
8.719163e-09
2.8705511e-09
2.8705511e-09
2.8705511e-09
2.8705511e-09
2.8705511e-09
2.8705511e-09
5.9314313e-09
2.8705511e-09
2.8705511e-09
3.4915335e-09
2.8705511e-09
2.8705511e-09
2.8705511e-09
3.171695e-09
2.8705511e-09
2.8705511e-09
8.708809e-09
2.8705511e-09
3.831753e-09
1.0081259e-08
3.0706662e-09
2.8705511e-09
2.617464e-08
2.8705511e-09
2.8705511e-09
2.8705511e-09
2.8705511e-09
2.8705511e-09
2.8705511e-09
2.8705511e-09
2.8705511e-09
2.8705511e-09
2.8705511e-09
2.8705511e-09
2.8705511e-09
2.8705511e-09
2.8705511e-09
2.8705511e-09
2.8705511e-09
2.8705511e-09
4.7822657e-09
2.8705511e-09
2.8705511e-09
2.8705511e-09
2.8705511e-09
4.5993405e-09
2.8705511e-09
2.8705511e-09
4.4229993e-09
2.8705511e-09
5.7846767e-09
2.8705511e-09
3.567182e-09
2.8705511e-09
2.8705511e-09
4.0455714e-09
4.1959427e-09
2.8705511e-09
2.1698549e-08
3.7497503e-09
3.118225e-09
2.8705511e-09
2.8705511e-09
3.9398067e-09
2.8705511e-09
2.8705511e-09
3.941934e-09
3.974829e-09
2.900325e-09
5.052255e-09
2.8705511e-09
1.7841524e-08
2.8705511e-09
3.2587906e-09
2.8705511e-09
2.8705511e-09
2.8705511e-09
3.312869e-09
3.1557463e-09
4.999503e-09
3.130244e-09
2.8705511e-09
4.982311e-09
2.8705511e-09
3.6167147e-09
2.8705511e-09
2.8705511e-09
2.8705511e-09
2.8705511e-09
2.8705511e-09
2.8705511e-09
3.6699226e-09
6.7690755e-09
3.9554524e-09
2.8705511e-09
5.699264e-09
2.8705511e-09
2.8705511e-09
2.8705511e-09
3.3160488e-09
3.4673455e-08
2.8705511e-09
2.8705511e-09
3.1377942e-09
4.282105e-09
2.8705511e-09
2.8705511e-09
3.289365e-09
3.376947e-09
2.8705511e-09
2.8705511e-09
3.1041432e-09
2.8705511e-09
2.8705511e-09
3.7051247e-09
6.1753402e-09
2.8705511e-09
3.3562384e-09
2.8705511e-09
4.064792e-09
2.8705511e-09
7.662077e-09
2.8705511e-09
1.1583844e-08
8.850239e-09
4.028931e-09
2.8705511e-09
2.8705511e-09
3.2813943e-09
2.8705511e-09
2.9708778e-09
2.8705511e-09
2.8705511e-09
3.730717e-09
2.8705511e-09
4.2456456e-09
3.3090364e-09
2.8705511e-09
2.8705511e-09
8.755276e-09
2.8705511e-09
3.3121805e-09
3.590048e-09
2.8705511e-09
2.8705511e-09
4.3206723e-09
2.8705511e-09
2.8705511e-09
2.8705511e-09
6.1035355e-09
5.2883786e-09
4.307474e-09
5.8579355e-09
2.8705511e-09
3.5751582e-09
2.8705511e-09
1.31722375e-08
2.8705511e-09
1.7822817e-08
2.8705511e-09
4.2513104e-09
2.8705511e-09
2.8705511e-09
1.0907449e-08
2.8705511e-09
2.8705511e-09
2.8705511e-09
4.1816572e-09
2.8705511e-09
2.8705511e-09
2.8705511e-09
4.505145e-09
1.6584451e-08
3.7009293e-09
2.8705511e-09
2.8705511e-09
2.9577998e-09
2.8705511e-09
8.584033e-09
5.625844e-09
2.8705511e-09
2.8705511e-09
3.7483776e-09
1.2805649e-08
2.8705511e-09
2.8705511e-09
3.50282e-09
4.005637e-09
2.8705511e-09
2.8705511e-09
2.8705511e-09
2.8705511e-09
6.2186003e-09
4.4213126e-09
5.0302926e-09
2.8705511e-09
2.8705511e-09
2.8705511e-09
2.8705511e-09
2.8705511e-09
4.327221e-09
2.8705511e-09
2.8705511e-09
3.4457721e-09
3.9222092e-09
2.8705511e-09
2.8705511e-09
2.8705511e-09
2.8705511e-09
2.8705511e-09
5.084436e-09
8.51379e-09
2.8705511e-09
3.5770955e-09
2.8705511e-09
2.8944727e-09
3.2083718e-09
2.8705511e-09
6.128639e-09
2.8705511e-09
2.8705511e-09
2.8705511e-09
2.8705511e-09
2.8705511e-09
3.983428e-09
1.4444566e-08
2.936809e-09
2.8705511e-09
3.167022e-09
2.8705511e-09
2.8705511e-09
2.8705511e-09
2.8705511e-09
2.8705511e-09
2.8705511e-09
2.8705511e-09
2.8705511e-09
3.285797e-09
2.8705511e-09
8.171437e-09
2.9765552e-09
2.8705511e-09
5.6643144e-09
2.8705511e-09
2.8705511e-09
4.457375e-09
4.380935e-09
1.0924543e-08
3.1179987e-09
1.3155137e-08
2.9332599e-09
3.3225767e-09
2.8705511e-09
2.8705511e-09
5.2102855e-09
2.8705511e-09
2.8705511e-09
2.8705511e-09
4.2324584e-09
2.8705511e-09
2.8705511e-09
2.8705511e-09
3.481665e-09
2.8705511e-09
2.8705511e-09
1.44542405e-08
2.8705511e-09
2.8705511e-09
4.500413e-09
2.8705511e-09
3.6721284e-09
5.3409286e-09
4.1114983e-09
5.2572133e-09
2.8705511e-09
4.0848205e-09
2.8705511e-09
2.9275866e-09
4.9176574e-09
3.0870622e-09
2.8705511e-09
2.8705511e-09
2.8705511e-09
2.8705511e-09
1.35361455e-08
2.8705511e-09
2.8705511e-09
2.8705511e-09
2.8705511e-09
5.3779847e-09
2.8705511e-09
2.8705511e-09
2.8705511e-09
2.8705511e-09
4.9464153e-09
2.8705511e-09
2.8705511e-09
2.8705511e-09
2.8705511e-09
2.8705511e-09
2.8705511e-09
3.5579815e-09
2.8705511e-09
3.0299119e-09
2.8705511e-09
2.8705511e-09
2.8705511e-09
2.8705511e-09
6.324992e-09
2.8705511e-09
2.8705511e-09
2.8705511e-09
2.8912117e-09
2.8705511e-09
2.8705511e-09
2.8705511e-09
3.1601795e-09
2.8705511e-09
2.8705511e-09
4.7191278e-09
2.8705511e-09
2.8705511e-09
2.8705511e-09
3.1434548e-09
2.8705511e-09
4.3012838e-09
2.9575462e-09
2.8705511e-09
2.8705511e-09
2.8705511e-09
5.5884333e-09
2.8705511e-09
3.6721703e-09
2.8705511e-09
1.02527814e-07
2.8705511e-09
3.319973e-09
2.8705511e-09
2.8705511e-09
1.5466105e-08
2.8705511e-09
2.8705511e-09
1.3307847e-08
2.8705511e-09
2.8705511e-09
9.864928e-09
2.8705511e-09
3.6248362e-09
6.2272054e-09
2.8705511e-09
3.8237955e-09
7.249165e-09
3.652207e-09
4.1657042e-09
2.8705511e-09
2.8705511e-09
5.4590714e-09
2.8705511e-09
4.664664e-09
2.8705511e-09
4.244569e-09
5.6260796e-09
2.9903788e-08
3.2419278e-09
4.0020174e-09
5.872333e-09
4.1158454e-09
1.1660166e-08
1.3511048e-08
2.8705511e-09
2.8705511e-09
2.8705511e-09
2.8705511e-09
3.4385899e-09
5.1696687e-09
1.6909844e-08
6.7014154e-09
2.8705511e-09
2.8705511e-09
3.753643e-09
2.8705511e-09
2.8705511e-09
2.8705511e-09
3.5363716e-09
2.8705511e-09
2.8705511e-09
2.8705511e-09
2.8705511e-09
2.8705511e-09
2.8705511e-09
2.8705511e-09
2.8705511e-09
2.8705511e-09
4.701985e-09
4.7092907e-09
6.7644557e-09
2.8705511e-09
2.8705511e-09
5.8897527e-09
2.8705511e-09
2.8705511e-09
2.8705511e-09
2.8705511e-09
7.2491093e-09
7.3936777e-09
2.8705511e-09
2.8705511e-09
1.9465821e-08
2.8705511e-09
2.8705511e-09
2.8705511e-09
2.8705511e-09
3.0296112e-09
2.8705511e-09
2.8705511e-09
1.0277978e-08
5.8871024e-09
2.8705511e-09
2.8705511e-09
3.1412855e-09
2.8705511e-09
2.8705511e-09
4.309274e-09
2.8705511e-09
2.8705511e-09
3.5513306e-09
2.8705511e-09
2.3122539e-08
2.8705511e-09
2.8705511e-09
2.8705511e-09
9.451231e-09
2.8705511e-09
3.5746535e-09
2.8705511e-09
2.8705511e-09
3.655266e-09
2.8705511e-09
2.8705511e-09
2.8705511e-09
2.8705511e-09
2.8705511e-09
2.8705511e-09
2.8705511e-09
2.8705511e-09
2.8705511e-09
2.8705511e-09
2.8705511e-09
2.8705511e-09
2.8705511e-09
2.8705511e-09
2.8705511e-09
5.233512e-09
2.8705511e-09
2.8705511e-09
2.8705511e-09
2.8705511e-09
5.435507e-09
2.8705511e-09
3.645456e-09
2.8705511e-09
4.2683403e-09
6.7823227e-09
2.8705511e-09
2.8705511e-09
2.8705511e-09
4.560494e-09
2.8705511e-09
2.8705511e-09
2.8705511e-09
2.8705511e-09
2.8705511e-09
2.8705511e-09
7.2484037e-09
2.8705511e-09
2.8705511e-09
2.8705511e-09
2.8705511e-09
2.8705511e-09
3.6505496e-09
4.6492e-09
2.8705511e-09
3.7297636e-09
2.8705511e-09
3.318865e-09
7.045643e-09
2.8705511e-09
2.8705511e-09
3.9337467e-09
4.113052e-09
2.8705511e-09
2.8705511e-09
3.2427505e-09
2.8705511e-09
3.76279e-09
5.091152e-09
3.6219747e-09
2.8705511e-09
2.8705511e-09
2.8705511e-09
5.596882e-09
2.8705511e-09
2.8705511e-09
3.3650778e-09
3.5834937e-09
2.8705511e-09
4.9942708e-09
3.924357e-09
3.5504972e-09
2.8705511e-09
3.9013184e-09
2.8705511e-09
6.21496e-09
6.157393e-09
1.241803e-08
8.289107e-09
2.8705511e-09
3.1287164e-09
2.8705511e-09
2.8705511e-09
2.945386e-09
5.3987986e-08
2.979401e-09
3.213461e-09
3.3174727e-09
2.8705511e-09
3.881494e-09
2.8705511e-09
3.4177898e-09
2.8705511e-09
3.87661e-09
3.2180552e-09
2.8705511e-09
2.8705511e-09
2.8705511e-09
2.8705511e-09
2.8705511e-09
2.8705511e-09
7.3401987e-09
1.32741045e-08
4.6106274e-09
4.1348636e-09
2.8705511e-09
2.913521e-09
3.1844425e-09
2.8705511e-09
2.8705511e-09
2.8705511e-09
4.877397e-09
5.6836647e-09
2.8705511e-09
2.8705511e-09
2.8705511e-09
2.8705511e-09
3.245089e-09
2.8705511e-09
2.8705511e-09
4.468603e-09
2.8705511e-09
5.19993e-09
3.8953996e-09
2.8705511e-09
2.8705511e-09
1.6539373e-08
2.8705511e-09
2.8705511e-09
6.664678e-09
6.5519847e-09
2.8705511e-09
3.6662637e-09
1.9075777e-08
2.8705511e-09
4.674747e-09
3.5850254e-09
3.7898653e-09
2.8705511e-09
2.8705511e-09
2.8705511e-09
2.8705511e-09
2.8705511e-09
8.746397e-09
2.8705511e-09
2.8705511e-09
2.8705511e-09
2.8705511e-09
2.8705511e-09
3.839757e-09
2.8705511e-09
3.2043352e-09
5.5899045e-09
2.8705511e-09
2.8705511e-09
2.8705511e-09
5.7209264e-09
2.8705511e-09
2.8705511e-09
4.196231e-09
4.268397e-09
3.2833662e-09
2.8705511e-09
2.8705511e-09
4.739514e-09
9.758335e-09
3.3992287e-09
2.8705511e-09
2.8705511e-09
2.8705511e-09
3.76053e-09
1.8790209e-08
2.8705511e-09
1.6039717e-08
2.8705511e-09
2.8705511e-09
3.5934595e-09
9.477659e-09
3.881982e-09
2.8705511e-09
3.7986436e-09
2.8705511e-09
1.3411939e-08
2.8705511e-09
2.8705511e-09
6.1759526e-09
2.8705511e-09
2.8705511e-09
6.583151e-09
2.8705511e-09
2.8705511e-09
2.8705511e-09
2.8705511e-09
3.4128533e-08
2.8705511e-09
2.8705511e-09
2.9721188e-09
2.8705511e-09
2.8705511e-09
9.968961e-09
2.8705511e-09
9.29227e-09
2.8705511e-09
1.003401e-08
2.8705511e-09
2.8705511e-09
2.8893263e-09
2.8705511e-09
2.8705511e-09
2.8705511e-09
2.8705511e-09
2.8705511e-09
1.9132873e-08
2.8705511e-09
2.8705511e-09
2.8705511e-09
2.8705511e-09
2.8705511e-09
2.8705511e-09
2.8705511e-09
2.8705511e-09
1.0971883e-08
2.8705511e-09
2.8705511e-09
2.8705511e-09
2.8705511e-09
2.8705511e-09
2.8705511e-09
3.7071677e-09
2.8705511e-09
3.804437e-09
9.329297e-09
9.003544e-09
4.471007e-09
2.8705511e-09
2.8705511e-09
2.8705511e-09
5.2015863e-09
3.153177e-09
2.8705511e-09
2.8705511e-09
2.8705511e-09
2.944201e-09
2.8705511e-09
3.1814493e-09
1.1607442e-08
3.2272012e-09
2.8705511e-09
4.6146122e-09
2.8705511e-09
2.8705511e-09
2.8705511e-09
4.215025e-09
2.8705511e-09
2.8705511e-09
2.8705511e-09
2.8705511e-09
2.8705511e-09
7.55171e-09
2.8705511e-09
2.8705511e-09
2.8705511e-09
3.114094e-09
2.8705511e-09
6.981739e-09
2.8705511e-09
6.7007373e-09
3.6901027e-09
4.4750084e-09
3.428988e-09
2.8705511e-09
3.5803511e-09
4.7823936e-09
2.8705511e-09
2.8705511e-09
2.8705511e-09
7.644678e-09
5.194805e-09
2.8705511e-09
2.8705511e-09
4.160868e-09
2.8705511e-09
2.8705511e-09
6.0088285e-09
2.8705511e-09
7.2393265e-09
3.41925e-09
2.8705511e-09
2.8705511e-09
2.8705511e-09
5.644094e-09
3.846618e-09
2.8705511e-09
2.8705511e-09
3.5119183e-09
4.074914e-09
2.8705511e-09
2.8705511e-09
2.8705511e-09
2.8964884e-09
2.8705511e-09
2.8705511e-09
3.0848433e-09
2.8705511e-09
2.8705511e-09
2.8705511e-09
9.367401e-09
2.8705511e-09
3.4155104e-08
2.9615705e-09
4.03096e-09
2.8705511e-09
2.8705511e-09
2.8705511e-09
4.5188027e-09
2.8705511e-09
4.70247e-09
5.4665312e-09
2.8705511e-09
1.70013e-08
2.8705511e-09
3.4831862e-09
2.8705511e-09
2.8705511e-09
7.832074e-09
2.8705511e-09
2.8705511e-09
3.911518e-09
2.8705511e-09
2.8705511e-09
3.5329129e-09
2.925125e-09
6.156547e-09
3.406175e-08
2.8705511e-09
2.8705511e-09
2.8705511e-09
3.6920105e-09
2.8705511e-09
2.9964695e-09
1.2000072e-08
2.8705511e-09
2.8705511e-09
4.7505013e-09
6.7261685e-09
2.8705511e-09
2.8705511e-09
3.557527e-09
2.8705511e-09
3.845489e-09
2.8705511e-09
2.8705511e-09
3.1830336e-09
2.8705511e-09
2.8705511e-09
2.8705511e-09
2.8705511e-09
2.8705511e-09
8.698748e-09
8.168835e-09
2.8705511e-09
2.8705511e-09
3.4749639e-09
2.8705511e-09
2.8705511e-09
2.8705511e-09
4.9630855e-09
2.8705511e-09
2.8705511e-09
2.8705511e-09
3.1503995e-09
3.2801426e-09
2.8705511e-09
4.9433684e-09
2.8705511e-09
3.289396e-09
3.9157886e-09
2.8705511e-09
2.8705511e-09
2.9360079e-09
8.3101135e-09
2.8705511e-09
3.2926981e-09
2.8705511e-09
3.257728e-09
5.233851e-09
2.8705511e-09
1.3643637e-08
2.8705511e-09
2.8705511e-09
2.8705511e-09
2.8705511e-09
2.8705511e-09
2.8705511e-09
2.8705511e-09
2.8705511e-09
4.6402e-09
3.9776347e-09
2.8705511e-09
2.8705511e-09
2.8705511e-09
2.8705511e-09
2.8705511e-09
2.8705511e-09
3.2183254e-09
2.8705511e-09
4.015306e-09
2.8705511e-09
2.8705511e-09
7.443045e-09
2.8705511e-09
2.8705511e-09
2.8705511e-09
2.8705511e-09
2.8705511e-09
2.8705511e-09
2.8705511e-09
1.0101604e-08
2.8705511e-09
2.8705511e-09
2.8705511e-09
2.8705511e-09
3.4951786e-09
2.8705511e-09
5.5493983e-09
1.828456e-08
2.8705511e-09
2.8705511e-09
2.8705511e-09
4.460785e-09
2.8705511e-09
2.8705511e-09
3.5031342e-09
2.8705511e-09
6.1048855e-09
2.8705511e-09
2.8705511e-09
2.8705511e-09
2.8705511e-09
2.8705511e-09
2.8705511e-09
5.9930905e-09
2.8705511e-09
2.8705511e-09
4.7011963e-09
1.035689e-08
3.185147e-09
2.8705511e-09
2.8705511e-09
2.8705511e-09
2.8705511e-09
6.861264e-09
3.3608698e-09
2.8705511e-09
3.5141894e-09
2.8705511e-09
4.4449626e-09
2.8705511e-09
2.8705511e-09
2.8705511e-09
5.4438383e-09
2.8705511e-09
5.4274367e-09
2.8705511e-09
2.8705511e-09
2.8705511e-09
7.150933e-09
2.8705511e-09
2.8705511e-09
2.8705511e-09
2.8705511e-09
7.661026e-09
2.8705511e-09
2.8705511e-09
2.8705511e-09
2.8705511e-09
2.8705511e-09
2.8705511e-09
2.8705511e-09
4.9752367e-09
9.890307e-09
2.8705511e-09
2.8705511e-09
2.8705511e-09
4.68035e-09
4.3163975e-09
4.4298547e-09
3.2609855e-09
2.8705511e-09
5.92693e-09
2.8705511e-09
4.092588e-09
2.9668852e-09
2.8705511e-09
2.8705511e-09
2.8705511e-09
3.5142633e-09
4.549131e-09
1.8761954e-08
2.8705511e-09
2.8705511e-09
2.8705511e-09
2.8705511e-09
2.8705511e-09
2.8705511e-09
5.1577125e-09
2.8705511e-09
2.8705511e-09
2.8705511e-09
2.8705511e-09
2.8705511e-09
2.8705511e-09
4.562591e-09
7.908525e-09
2.8705511e-09
2.8705511e-09
5.3533915e-09
2.8705511e-09
1.4209102e-08
4.5123523e-09
2.8705511e-09
2.8705511e-09
2.8705511e-09
2.8705511e-09
3.645373e-09
2.8705511e-09
2.8705511e-09
5.9036434e-09
3.04285e-09
2.8705511e-09
2.8705511e-09
6.1847705e-09
3.403439e-09
6.760473e-08
2.8705511e-09
3.549346e-09
2.8705511e-09
5.5466467e-09
2.8705511e-09
2.8705511e-09
3.7063332e-09
3.6926513e-09
2.8705511e-09
2.8705511e-09
2.8705511e-09
2.8705511e-09
2.8705511e-09
2.8705511e-09
2.8705511e-09
3.7957464e-09
3.151566e-09
2.8705511e-09
2.8705511e-09
3.4715988e-09
1.0564222e-08
2.8705511e-09
8.820175e-09
7.2808826e-09
4.142459e-08
2.8705511e-09
4.657996e-09
3.037585e-09
3.7327035e-09
2.8705511e-09
1.3460093e-08
2.8705511e-09
2.8705511e-09
3.3800724e-09
2.8705511e-09
4.926558e-09
2.8705511e-09
2.8705511e-09
2.8705511e-09
2.8705511e-09
2.8705511e-09
2.8705511e-09
2.8705511e-09
3.4579126e-09
2.8705511e-09
2.8705511e-09
5.228752e-09
2.8705511e-09
2.8705511e-09
2.8705511e-09
2.8705511e-09
2.8705511e-09
5.985174e-09
3.5961885e-09
3.3347984e-09
4.5526987e-09
2.8705511e-09
3.844271e-09
2.8705511e-09
1.3304851e-08
4.132096e-09
2.8705511e-09
3.0529537e-09
2.8705511e-09
2.8705511e-09
2.8705511e-09
3.5394558e-09
3.6301087e-09
2.8705511e-09
2.8705511e-09
2.8705511e-09
6.2717502e-09
2.8705511e-09
2.8705511e-09
2.8705511e-09
4.638492e-09
2.8705511e-09
3.1944072e-09
3.5178314e-09
2.8705511e-09
3.74752e-09
5.8469514e-09
3.100386e-09
2.8705511e-09
2.8705511e-09
2.8705511e-09
2.8705511e-09
2.9543774e-09
2.8705511e-09
7.0890485e-09
2.8705511e-09
2.8705511e-09
5.012871e-09
2.8705511e-09
2.8705511e-09
2.8705511e-09
2.8705511e-09
1.613933e-08
2.8705511e-09
2.8705511e-09
2.8705511e-09
2.8705511e-09
2.8705511e-09
8.447776e-09
2.8705511e-09
2.8705511e-09
9.123655e-09
2.8705511e-09
2.8705511e-09
2.8705511e-09
3.7058383e-09
2.8705511e-09
2.8705511e-09
2.8705511e-09
2.8705511e-09
6.044105e-09
2.8705511e-09
2.8705511e-09
7.54562e-09
2.9738538e-09
2.8705511e-09
2.8705511e-09
2.8705511e-09
2.8705511e-09
2.8705511e-09
2.9536504e-09
3.9237062e-09
2.8705511e-09
9.57684e-09
2.8705511e-09
3.4364325e-09
2.8705511e-09
2.8705511e-09
3.4708112e-09
2.8705511e-09
2.8705511e-09
2.8705511e-09
2.8705511e-09
1.3576974e-08
4.961458e-09
9.653682e-09
2.8705511e-09
2.8705511e-09
2.8705511e-09
2.8705511e-09
7.0147084e-09
2.8705511e-09
2.8705511e-09
2.8705511e-09
2.8705511e-09
2.8705511e-09
2.8705511e-09
2.8705511e-09
6.5312977e-09
2.8705511e-09
3.4843155e-09
2.8705511e-09
3.3371714e-09
5.4978173e-09
6.247538e-09
3.045428e-09
2.8705511e-09
3.8477923e-09
2.8705511e-09
2.8705511e-09
2.8705511e-09
2.8705511e-09
2.8705511e-09
2.8705511e-09
2.8705511e-09
5.96292e-09
2.8705511e-09
2.9172857e-09
2.8705511e-09
5.6854423e-09
2.8705511e-09
2.8705511e-09
2.8705511e-09
2.8705511e-09
2.8705511e-09
2.3475602e-08
2.8705511e-09
2.8705511e-09
2.8705511e-09
9.567837e-09
2.8705511e-09
2.8705511e-09
2.8705511e-09
2.8705511e-09
3.601117e-09
8.719479e-09
2.8705511e-09
5.2173155e-09
2.225455e-08
2.4353469e-08
2.8705511e-09
2.8705511e-09
2.8705511e-09
2.8705511e-09
3.4037508e-09
2.8705511e-09
2.8705511e-09
3.3328142e-09
6.9698443e-09
2.8705511e-09
4.3965804e-09
2.8705511e-09
2.8705511e-09
3.7621657e-09
2.8705511e-09
4.9654427e-09
3.2173373e-09
2.8705511e-09
2.8705511e-09
2.8705511e-09
2.8705511e-09
2.8705511e-09
3.6267032e-09
2.8705511e-09
2.8705511e-09
2.8705511e-09
2.8867486e-09
3.3028502e-09
2.8705511e-09
2.8705511e-09
3.4056862e-09
4.0600185e-09
3.0140783e-09
2.8705511e-09
2.876383e-09
2.8705511e-09
4.4660977e-09
6.6992545e-09
2.8705511e-09
3.4917267e-09
2.8705511e-09
3.7532137e-09
2.8705511e-09
2.8705511e-09
2.932572e-09
2.8705511e-09
2.8705511e-09
2.8705511e-09
3.1288416e-09
2.8705511e-09
2.8705511e-09
2.8705511e-09
2.8705511e-09
2.8705511e-09
2.8705511e-09
3.0244498e-09
8.151325e-09
2.8705511e-09
2.8705511e-09
4.5837436e-09
9.907072e-09
3.0862202e-09
2.8705511e-09
3.0017893e-09
5.0358033e-09
3.591253e-09
2.8705511e-09
2.8705511e-09
2.8705511e-09
2.8705511e-09
3.2870004e-09
2.8705511e-09
3.49818e-09
2.8705511e-09
2.8705511e-09
2.8705511e-09
3.419192e-09
3.2211318e-09
2.8705511e-09
3.2266165e-09
2.8705511e-09
2.8705511e-09
2.8705511e-09
2.8705511e-09
1.0182386e-08
2.8705511e-09
2.8705511e-09
7.486556e-09
2.8705511e-09
2.8705511e-09
2.8705511e-09
3.3292626e-09
3.787524e-09
4.139393e-09
2.8705511e-09
2.8705511e-09
1.0812189e-08
2.8705511e-09
3.0859257e-09
2.8705511e-09
8.031565e-09
3.445003e-09
2.8705511e-09
3.432829e-09
2.9383498e-09
7.527952e-09
6.690649e-09
1.1916615e-08
3.0689504e-09
2.8705511e-09
3.5482646e-08
2.8705511e-09
2.9118266e-09
3.466709e-09
2.8705511e-09
2.8705511e-09
2.8705511e-09
2.8705511e-09
2.8705511e-09
2.8705511e-09
2.8705511e-09
2.8705511e-09
2.8705511e-09
8.00297e-09
2.8705511e-09
3.637191e-09
2.8705511e-09
2.8705511e-09
3.5926098e-09
4.1913437e-09
6.7023733e-09
7.2266615e-09
3.5302394e-09
7.2674387e-09
2.8705511e-09
6.330883e-09
3.7792107e-09
2.8705511e-09
1.04817115e-08
2.8705511e-09
2.8705511e-09
2.8705511e-09
4.46677e-09
2.8705511e-09
2.8705511e-09
2.8705511e-09
2.8705511e-09
2.8705511e-09
1.1631955e-08
2.8705511e-09
2.8705511e-09
3.6311263e-09
2.8705511e-09
2.8705511e-09
3.2829341e-09
2.8705511e-09
2.8705511e-09
4.2210186e-09
3.3572949e-09
6.702872e-09
3.3901641e-09
2.8705511e-09
1.2882867e-08
2.8705511e-09
2.8705511e-09
7.827728e-09
2.1386114e-08
4.327675e-09
2.8705511e-09
2.8705511e-09
2.8705511e-09
2.8705511e-09
2.8705511e-09
4.205637e-09
4.1138284e-09
8.832987e-09
2.8705511e-09
2.8705511e-09
3.1015512e-09
2.8705511e-09
3.466914e-09
2.8705511e-09
2.8705511e-09
2.4564757e-08
4.1698773e-09
2.8705511e-09
2.8705511e-09
2.8705511e-09
2.8705511e-09
3.0633422e-09
6.3046492e-09
2.8705511e-09
4.1237427e-09
2.8705511e-09
2.8705511e-09
5.1659335e-09
2.8705511e-09
5.1034115e-09
2.8705511e-09
2.8705511e-09
2.8705511e-09
3.353973e-09
2.8705511e-09
6.718757e-09
2.8705511e-09
3.4856917e-09
2.8705511e-09
4.1796717e-09
3.876381e-09
2.8705511e-09
2.8705511e-09
2.8705511e-09
2.8705511e-09
2.8705511e-09
2.8705511e-09
2.8705511e-09
2.8705511e-09
2.9287204e-09
2.8705511e-09
2.8705511e-09
2.8705511e-09
2.8705511e-09
3.6418843e-09
2.8705511e-09
5.5587313e-09
4.5670836e-09
3.4510141e-09
1.2761565e-08
3.7714125e-09
4.6649493e-09
3.60469e-09
2.8705511e-09
2.8705511e-09
2.8705511e-09
4.516149e-09
3.7994043e-09
2.8705511e-09
3.5429615e-09
2.8705511e-09
2.8705511e-09
2.8705511e-09
2.8705511e-09
2.8705511e-09
8.4743395e-09
8.2376e-09
2.5017783e-08
4.537493e-09
2.8705511e-09
1.486258e-08
4.546355e-09
2.8705511e-09
2.8705511e-09
3.7788865e-09
3.3395655e-09
2.8705511e-09
8.688335e-09
2.8705511e-09
2.8705511e-09
2.8705511e-09
2.8705511e-09
4.502096e-09
4.75801e-09
2.8705511e-09
2.8705511e-09
2.8705511e-09
4.3925907e-09
2.8705511e-09
4.118421e-09
2.8705511e-09
2.8705511e-09
8.703694e-09
2.8705511e-09
4.496698e-09
2.8705511e-09
2.8705511e-09
5.7778076e-09
2.8705511e-09
2.8705511e-09
2.8705511e-09
2.8705511e-09
2.8705511e-09
2.8705511e-09
2.8705511e-09
2.8705511e-09
1.00509245e-08
2.3711449e-08
2.8705511e-09
2.8705511e-09
2.8705511e-09
3.9667403e-09
2.8705511e-09
3.9604124e-09
2.8705511e-09
1.0915421e-08
2.8705511e-09
3.406134e-09
2.8705511e-09
3.3607677e-09
3.560045e-09
4.627119e-09
2.8705511e-09
2.8705511e-09
2.8705511e-09
3.5407992e-09
2.8705511e-09
2.8705511e-09
2.8705511e-09
2.8705511e-09
2.8705511e-09
2.8705511e-09
2.8705511e-09
6.283209e-09
2.8705511e-09
7.350525e-09
2.8705511e-09
2.8705511e-09
2.8705511e-09
2.8705511e-09
2.8705511e-09
2.8705511e-09
2.8705511e-09
2.8705511e-09
2.8705511e-09
2.8705511e-09
2.8705511e-09
3.670021e-09
2.8705511e-09
4.9326783e-09
2.8705511e-09
5.066315e-09
2.8824076e-09
2.8705511e-09
5.0542983e-09
2.8705511e-09
2.8705511e-09
2.8705511e-09
2.8705511e-09
6.739459e-09
7.3234037e-09
2.8705511e-09
2.8705511e-09
2.8705511e-09
4.589885e-09
2.9354035e-09
9.107988e-09
2.8705511e-09
2.8705511e-09
3.5512897e-09
2.8705511e-09
2.8705511e-09
2.8705511e-09
2.8705511e-09
2.8705511e-09
2.8705511e-09
3.7520684e-09
2.8705511e-09
4.4784922e-09
2.8705511e-09
5.5680687e-09
2.8705511e-09
2.8705511e-09
2.8705511e-09
2.8705511e-09
3.0366116e-09
2.8705511e-09
1.505752e-08
7.478735e-09
2.8705511e-09
2.8705511e-09
2.8705511e-09
3.0669087e-09
9.244611e-09
6.4869017e-09
2.8705511e-09
2.8705511e-09
2.8705511e-09
2.8705511e-09
2.8705511e-09
3.2278293e-09
3.3579417e-09
2.8705511e-09
5.591973e-09
3.3884122e-09
2.8705511e-09
2.8705511e-09
2.8705511e-09
4.0666452e-09
4.798484e-09
2.8705511e-09
4.1106905e-09
2.8705511e-09
1.9747564e-08
2.8705511e-09
2.8705511e-09
5.659671e-09
2.8705511e-09
2.8705511e-09
3.8068615e-09
2.8705511e-09
2.8705511e-09
2.8705511e-09
1.592458e-08
2.8705511e-09
2.8705511e-09
5.65735e-09
3.453773e-09
2.8705511e-09
1.3918097e-08
2.8705511e-09
3.8460386e-09
2.8705511e-09
6.380305e-09
2.8705511e-09
9.477207e-09
2.8705511e-09
3.0305132e-09
2.8705511e-09
2.8705511e-09
2.8705511e-09
4.4502215e-09
2.8705511e-09
2.8705511e-09
2.8705511e-09
2.8219226e-08
2.8705511e-09
5.9911587e-09
2.8705511e-09
2.8705511e-09
2.8705511e-09
2.8705511e-09
2.8705511e-09
2.8705511e-09
3.0046878e-09
2.8705511e-09
2.8705511e-09
2.8705511e-09
2.8705511e-09
2.8705511e-09
3.4404728e-09
2.8705511e-09
6.064556e-09
3.1989007e-09
5.493488e-09
2.8705511e-09
3.133022e-09
1.1506222e-08
3.129934e-09
2.8705511e-09
3.2064507e-09
4.775575e-09
6.3627925e-09
2.9466618e-09
2.8705511e-09
2.8705511e-09
2.8705511e-09
2.8705511e-09
8.245255e-09
2.8705511e-09
2.8705511e-09
3.3071303e-09
2.8705511e-09
2.8705511e-09
8.999612e-09
2.8705511e-09
2.8705511e-09
5.1471676e-09
2.8705511e-09
2.8705511e-09
5.714787e-09
2.8705511e-09
2.8705511e-09
8.400857e-09
3.958298e-09
7.990311e-09
2.8705511e-09
2.8705511e-09
5.013703e-09
2.8705511e-09
2.8705511e-09
5.7232294e-09
2.8705511e-09
1.6312455e-08
2.8705511e-09
2.8705511e-09
2.8705511e-09
4.763133e-08
2.8705511e-09
2.8705511e-09
2.9478704e-09
1.4410664e-08
3.6614556e-09
2.8705511e-09
2.8705511e-09
2.8705511e-09
2.8705511e-09
2.8705511e-09
2.8705511e-09
2.8705511e-09
2.8705511e-09
2.8705511e-09
2.8705511e-09
2.8705511e-09
2.8705511e-09
2.0274632e-08
2.8705511e-09
2.8705511e-09
2.8705511e-09
2.8705511e-09
5.6284195e-09
2.8705511e-09
3.516087e-09
2.8705511e-09
3.9011097e-09
2.8705511e-09
2.9673326e-09
2.8705511e-09
3.925038e-09
2.9285863e-09
2.8705511e-09
2.8705511e-09
2.8705511e-09
2.919401e-09
2.8705511e-09
3.1013916e-09
2.8705511e-09
2.8705511e-09
2.8705511e-09
1.001917e-08
2.8705511e-09
3.0102922e-09
8.326472e-09
2.8705511e-09
3.996746e-09
2.8705511e-09
2.8705511e-09
2.8705511e-09
9.219289e-09
4.1686925e-09
7.1876216e-09
2.8705511e-09
4.4896447e-09
2.8705511e-09
2.8705511e-09
4.6220823e-09
2.8705511e-09
2.8705511e-09
8.615133e-09
2.8705511e-09
4.0823593e-09
3.2905194e-09
2.8705511e-09
3.6769503e-09
2.8705511e-09
2.8705511e-09
5.138516e-09
3.02975e-09
6.8866335e-09
2.8705511e-09
2.8705511e-09
2.8705511e-09
2.8705511e-09
4.2010195e-09
4.865569e-09
2.9681473e-09
2.8705511e-09
2.8705511e-09
2.8705511e-09
2.8705511e-09
2.8705511e-09
2.8705511e-09
1.2812465e-08
6.2893353e-09
2.8705511e-09
2.8705511e-09
6.55366e-09
3.6371635e-09
2.8705511e-09
4.419424e-09
2.8705511e-09
3.2710148e-09
2.8705511e-09
5.2298694e-09
3.894107e-09
1.4380542e-08
2.8705511e-09
2.8705511e-09
2.8705511e-09
5.250088e-09
3.1734193e-09
2.8705511e-09
8.998857e-09
3.083061e-09
2.8705511e-09
2.8705511e-09
2.8705511e-09
2.8705511e-09
2.8705511e-09
2.8705511e-09
3.6409813e-09
3.8847814e-09
6.6683277e-09
2.9638987e-09
2.8705511e-09
2.8705511e-09
2.8705511e-09
4.511672e-09
3.154344e-09
2.8705511e-09
2.8705511e-09
1.1952079e-08
3.5520482e-09
2.8705511e-09
2.8705511e-09
3.3871523e-09
3.5223096e-09
2.424067e-08
5.958282e-09
2.8705511e-09
5.6211666e-09
2.8705511e-09
3.7817776e-09
2.8705511e-09
2.8705511e-09
3.6926937e-09
2.8705511e-09
3.0561929e-09
2.8705511e-09
3.557018e-09
2.8705511e-09
2.8705511e-09
3.4130863e-09
2.8705511e-09
3.6725556e-09
3.2166623e-09
2.8705511e-09
2.8705511e-09
2.8705511e-09
4.749849e-09
1.3970252e-08
2.8705511e-09
2.8705511e-09
2.8705511e-09
2.8705511e-09
2.8705511e-09
2.8705511e-09
2.8705511e-09
6.0010055e-09
2.8705511e-09
6.1704073e-09
4.964231e-09
2.8705511e-09
2.8705511e-09
3.6549528e-09
2.8781169e-09
2.8705511e-09
9.222279e-09
4.4712114e-09
3.5074397e-09
3.8779784e-09
2.9055796e-09
2.8705511e-09
2.8705511e-09
2.8705511e-09
3.1342708e-09
3.2473304e-09
2.8705511e-09
5.030063e-09
2.8705511e-09
2.8705511e-09
2.8705511e-09
